"end_time";"person_id";"start_time";"type";"date";"duration";"is_high_level";"plausability";"provider"
"2015-02-22 00:22:36.228";"10136";"2015-02-22 00:19:30.711";"BoilerOn";"2015-02-22";"185";"0";"1";"SmartPlug"
"2015-02-22 00:24:06.377";"10136";"2015-02-22 00:23:32.685";"BoilerOn";"2015-02-22";"33";"0";"1";"SmartPlug"
"2015-03-04 21:12:52.151";"10136";"2015-03-04 21:05:06.447";"CookerOn";"2015-03-04";"465";"0";"1";"SmartPlug"
"2015-03-04 21:23:40.550";"10136";"2015-03-04 21:19:17.268";"CookerOn";"2015-03-04";"263";"0";"1";"SmartPlug"
"2015-03-04 21:25:12.996";"10136";"2015-03-04 21:23:52.928";"CookerOn";"2015-03-04";"80";"0";"1";"SmartPlug"
"2015-03-04 21:26:05.893";"10136";"2015-03-04 21:25:35.515";"CookerOn";"2015-03-04";"30";"0";"1";"SmartPlug"
"2015-03-04 21:29:04.817";"10136";"2015-03-04 21:27:32.781";"TvOn";"2015-03-04";"92";"0";"1";"SmartPlug"
"2015-03-04 22:05:11.031";"10136";"2015-03-04 22:01:55.750";"BoilerOn";"2015-03-04";"195";"0";"1";"SmartPlug"
"2015-03-04 22:06:24.890";"10136";"2015-03-04 22:05:44.285";"BoilerOn";"2015-03-04";"40";"0";"1";"SmartPlug"
"2015-03-04 22:08:08.446";"10136";"2015-03-04 22:07:37.933";"BoilerOn";"2015-03-04";"30";"0";"1";"SmartPlug"
"2015-03-04 23:04:03.985";"10136";"2015-03-04 23:03:43.950";"TvOn";"2015-03-04";"20";"0";"1";"SmartPlug"
"2015-03-04 23:07:47.414";"10136";"2015-03-04 23:04:16.267";"TvOn";"2015-03-04";"211";"0";"1";"SmartPlug"
"2015-03-04 23:29:23.706";"10136";"2015-03-04 23:08:00.154";"TvOn";"2015-03-04";"1283";"0";"1";"SmartPlug"
"2015-03-04 23:30:16.359";"10136";"2015-03-04 23:29:35.999";"TvOn";"2015-03-04";"40";"0";"1";"SmartPlug"
"2015-03-04 23:34:11.185";"10136";"2015-03-04 23:30:28.470";"TvOn";"2015-03-04";"222";"0";"1";"SmartPlug"
"2015-03-04 23:34:33.403";"10136";"2015-03-04 23:34:23.500";"TvOn";"2015-03-04";"9";"0";"1";"SmartPlug"
"2015-03-05 00:25:53.841";"10136";"2015-03-04 23:35:46.338";"TvOn";"2015-03-04";"3007";"0";"1";"SmartPlug"
"2015-03-05 09:23:36.802";"10136";"2015-03-05 09:20:28.789";"BoilerOn";"2015-03-05";"188";"0";"1";"SmartPlug"
"2015-03-05 09:25:00.694";"10136";"2015-03-05 09:24:19.776";"BoilerOn";"2015-03-05";"40";"0";"1";"SmartPlug"
"2015-03-05 09:26:34.206";"10136";"2015-03-05 09:25:53.513";"BoilerOn";"2015-03-05";"40";"0";"1";"SmartPlug"
"2015-03-05 09:28:48.443";"10136";"2015-03-05 09:28:17.791";"BoilerOn";"2015-03-05";"30";"0";"1";"SmartPlug"
"2015-03-05 10:47:30.440";"10136";"2015-03-05 10:44:36.571";"BoilerOn";"2015-03-05";"173";"0";"1";"SmartPlug"
"2015-03-05 10:48:43.357";"10136";"2015-03-05 10:47:53.061";"BoilerOn";"2015-03-05";"50";"0";"1";"SmartPlug"
"2015-03-05 10:49:46.774";"10136";"2015-03-05 10:49:16.044";"BoilerOn";"2015-03-05";"30";"0";"1";"SmartPlug"
"2015-03-05 10:51:09.920";"10136";"2015-03-05 10:50:39.915";"BoilerOn";"2015-03-05";"30";"0";"1";"SmartPlug"
"2015-03-05 10:53:03.101";"10136";"2015-03-05 10:52:22.985";"BoilerOn";"2015-03-05";"40";"0";"1";"SmartPlug"
"2015-03-05 12:44:16.415";"10136";"2015-03-05 12:42:31.676";"TvOn";"2015-03-05";"104";"0";"1";"SmartPlug"
"2015-03-05 12:46:30.585";"10136";"2015-03-05 12:45:29.455";"TvOn";"2015-03-05";"61";"0";"1";"SmartPlug"
"2015-03-05 12:48:43.535";"10136";"2015-03-05 12:48:33.605";"TvOn";"2015-03-05";"9";"0";"1";"SmartPlug"
"2015-03-05 12:49:27.155";"10136";"2015-03-05 12:49:06.711";"TvOn";"2015-03-05";"20";"0";"1";"SmartPlug"
"2015-03-05 12:50:23.226";"10136";"2015-03-05 12:50:12.741";"TvOn";"2015-03-05";"10";"0";"1";"SmartPlug"
"2015-03-05 12:51:25.818";"10136";"2015-03-05 12:51:15.899";"TvOn";"2015-03-05";"9";"0";"1";"SmartPlug"
"2015-03-05 12:52:00.055";"10136";"2015-03-05 12:51:38.034";"TvOn";"2015-03-05";"22";"0";"1";"SmartPlug"
"2015-03-05 12:52:24.504";"10136";"2015-03-05 12:52:14.543";"TvOn";"2015-03-05";"9";"0";"1";"SmartPlug"
"2015-03-05 12:53:18.621";"10136";"2015-03-05 12:52:48.580";"TvOn";"2015-03-05";"30";"0";"1";"SmartPlug"
"2015-03-05 12:54:54.619";"10136";"2015-03-05 12:54:44.101";"TvOn";"2015-03-05";"10";"0";"1";"SmartPlug"
"2015-03-05 12:55:46.992";"10136";"2015-03-05 12:55:36.986";"TvOn";"2015-03-05";"10";"0";"1";"SmartPlug"
"2015-03-05 12:57:12.161";"10136";"2015-03-05 12:56:52.258";"TvOn";"2015-03-05";"19";"0";"1";"SmartPlug"
"2015-03-05 12:57:58.013";"10136";"2015-03-05 12:57:48.062";"TvOn";"2015-03-05";"9";"0";"1";"SmartPlug"
"2015-03-05 15:11:48.020";"10136";"2015-03-05 15:00:35.258";"CookerOn";"2015-03-05";"672";"0";"1";"SmartPlug"
"2015-03-05 15:22:24.310";"10136";"2015-03-05 15:18:01.704";"CookerOn";"2015-03-05";"262";"0";"1";"SmartPlug"
"2015-03-05 15:24:26.594";"10136";"2015-03-05 15:23:06.484";"CookerOn";"2015-03-05";"80";"0";"1";"SmartPlug"
"2015-03-05 15:30:12.843";"10136";"2015-03-05 15:28:02.023";"CookerOn";"2015-03-05";"130";"0";"1";"SmartPlug"
"2015-03-05 15:31:55.756";"10136";"2015-03-05 15:30:55.238";"CookerOn";"2015-03-05";"60";"0";"1";"SmartPlug"
"2015-03-05 15:33:29.699";"10136";"2015-03-05 15:32:28.626";"CookerOn";"2015-03-05";"61";"0";"1";"SmartPlug"
"2015-03-05 15:35:53.761";"10136";"2015-03-05 15:34:12.100";"CookerOn";"2015-03-05";"101";"0";"1";"SmartPlug"
"2015-03-05 15:37:50.209";"10136";"2015-03-05 15:36:42.292";"CookerOn";"2015-03-05";"67";"0";"1";"SmartPlug"
"2015-03-05 21:04:32.849";"10136";"2015-03-05 20:59:04.230";"CookerOn";"2015-03-05";"328";"0";"1";"SmartPlug"
"2015-03-05 21:10:19.977";"10136";"2015-03-05 21:08:36.506";"TvOn";"2015-03-05";"103";"0";"1";"SmartPlug"
"2015-03-05 21:23:09.815";"10136";"2015-03-05 21:10:31.992";"TvOn";"2015-03-05";"757";"0";"1";"SmartPlug"
"2015-03-05 21:51:23.757";"10136";"2015-03-05 21:23:22.098";"TvOn";"2015-03-05";"1681";"0";"1";"SmartPlug"
"2015-03-05 22:10:52.921";"10136";"2015-03-05 22:08:14.996";"BoilerOn";"2015-03-05";"157";"0";"1";"SmartPlug"
"2015-03-05 22:12:23.304";"10136";"2015-03-05 22:11:39.304";"BoilerOn";"2015-03-05";"44";"0";"1";"SmartPlug"
"2015-03-05 22:14:06.923";"10136";"2015-03-05 22:13:26.506";"BoilerOn";"2015-03-05";"40";"0";"1";"SmartPlug"
"2015-03-05 22:21:57.319";"10136";"2015-03-05 21:51:56.396";"TvOn";"2015-03-05";"1800";"0";"1";"SmartPlug"
"2015-03-05 23:06:35.567";"10136";"2015-03-05 22:22:09.378";"TvOn";"2015-03-05";"2666";"0";"1";"SmartPlug"
"2015-03-05 23:09:18.472";"10136";"2015-03-05 23:06:47.837";"TvOn";"2015-03-05";"150";"0";"1";"SmartPlug"
"2015-03-05 23:12:22.377";"10136";"2015-03-05 23:09:30.764";"TvOn";"2015-03-05";"171";"0";"1";"SmartPlug"
"2015-03-06 00:00:34.448";"10136";"2015-03-05 23:12:34.536";"TvOn";"2015-03-05";"2879";"0";"1";"SmartPlug"
"2015-03-06 00:33:38.740";"10136";"2015-03-06 00:00:46.736";"TvOn";"2015-03-06";"1972";"0";"1";"SmartPlug"
"2015-03-06 00:52:38.018";"10136";"2015-03-06 00:33:51.013";"TvOn";"2015-03-06";"1127";"0";"1";"SmartPlug"
"2015-03-06 00:56:01.541";"10136";"2015-03-06 00:52:50.257";"TvOn";"2015-03-06";"191";"0";"1";"SmartPlug"
"2015-03-06 10:54:32.222";"10136";"2015-03-06 10:51:37.975";"BoilerOn";"2015-03-06";"174";"0";"1";"SmartPlug"
"2015-03-06 10:55:47.183";"10136";"2015-03-06 10:55:06.543";"BoilerOn";"2015-03-06";"40";"0";"1";"SmartPlug"
"2015-03-06 10:57:09.775";"10136";"2015-03-06 10:56:29.426";"BoilerOn";"2015-03-06";"40";"0";"1";"SmartPlug"
"2015-03-06 10:58:55.112";"10136";"2015-03-06 10:58:14.567";"BoilerOn";"2015-03-06";"40";"0";"1";"SmartPlug"
"2015-03-06 15:54:56.326";"10136";"2015-03-06 15:49:20.210";"CookerOn";"2015-03-06";"336";"0";"1";"SmartPlug"
"2015-03-06 15:58:30.598";"10136";"2015-03-06 15:55:08.573";"CookerOn";"2015-03-06";"202";"0";"1";"SmartPlug"
"2015-03-06 18:08:28.719";"10136";"2015-03-06 17:46:20.856";"TvOn";"2015-03-06";"1327";"0";"1";"SmartPlug"
"2015-03-06 18:33:50.678";"10136";"2015-03-06 18:08:41.078";"TvOn";"2015-03-06";"1509";"0";"1";"SmartPlug"
"2015-03-06 21:26:03.920";"10136";"2015-03-06 21:23:09.740";"BoilerOn";"2015-03-06";"174";"0";"1";"SmartPlug"
"2015-03-06 21:27:17.485";"10136";"2015-03-06 21:26:36.581";"BoilerOn";"2015-03-06";"40";"0";"1";"SmartPlug"
"2015-03-06 21:28:51.406";"10136";"2015-03-06 21:28:21.282";"BoilerOn";"2015-03-06";"30";"0";"1";"SmartPlug"
"2015-03-06 21:41:18.597";"10136";"2015-03-06 21:39:49.875";"BoilerOn";"2015-03-06";"88";"0";"1";"SmartPlug"
"2015-03-06 21:42:29.378";"10136";"2015-03-06 21:41:44.099";"BoilerOn";"2015-03-06";"45";"0";"1";"SmartPlug"
"2015-03-06 21:43:40.813";"10136";"2015-03-06 21:43:08.594";"BoilerOn";"2015-03-06";"32";"0";"1";"SmartPlug"
"2015-03-06 21:45:30.332";"10136";"2015-03-06 21:44:48.684";"BoilerOn";"2015-03-06";"41";"0";"1";"SmartPlug"
"2015-03-06 22:48:56.296";"10136";"2015-03-06 22:47:26.622";"TvOn";"2015-03-06";"89";"0";"1";"SmartPlug"
"2015-03-06 23:10:44.978";"10136";"2015-03-06 22:49:08.986";"TvOn";"2015-03-06";"1295";"0";"1";"SmartPlug"
"2015-03-06 23:23:27.301";"10136";"2015-03-06 23:20:53.728";"BoilerOn";"2015-03-06";"153";"0";"1";"SmartPlug"
"2015-03-06 23:24:50.063";"10136";"2015-03-06 23:24:09.748";"BoilerOn";"2015-03-06";"40";"0";"1";"SmartPlug"
"2015-03-06 23:26:22.754";"10136";"2015-03-06 23:25:52.900";"BoilerOn";"2015-03-06";"29";"0";"1";"SmartPlug"
"2015-03-06 23:41:18.614";"10136";"2015-03-06 23:10:57.214";"TvOn";"2015-03-06";"1821";"0";"1";"SmartPlug"
"2015-03-07 00:00:15.852";"10136";"2015-03-06 23:41:31.142";"TvOn";"2015-03-06";"1124";"0";"1";"SmartPlug"
"2015-03-07 00:05:15.922";"10136";"2015-03-07 00:00:28.188";"TvOn";"2015-03-07";"287";"0";"1";"SmartPlug"
"2015-03-07 00:51:09.065";"10136";"2015-03-07 00:05:28.259";"TvOn";"2015-03-07";"2740";"0";"1";"SmartPlug"
"2015-03-07 11:51:10.849";"10136";"2015-03-07 11:48:35.937";"BoilerOn";"2015-03-07";"154";"0";"1";"SmartPlug"
"2015-03-07 11:52:25.883";"10136";"2015-03-07 11:51:53.117";"BoilerOn";"2015-03-07";"32";"0";"1";"SmartPlug"
"2015-03-07 11:54:00.946";"10136";"2015-03-07 11:53:30.782";"BoilerOn";"2015-03-07";"30";"0";"1";"SmartPlug"
"2015-03-07 12:53:54.420";"10136";"2015-03-07 12:50:24.439";"CookerOn";"2015-03-07";"209";"0";"1";"SmartPlug"
"2015-03-07 12:55:38.555";"10136";"2015-03-07 12:53:11.031";"BoilerOn";"2015-03-07";"147";"0";"1";"SmartPlug"
"2015-03-07 12:56:44.088";"10136";"2015-03-07 12:56:01.308";"BoilerOn";"2015-03-07";"42";"0";"1";"SmartPlug"
"2015-03-07 12:58:09.766";"10136";"2015-03-07 12:57:28.541";"BoilerOn";"2015-03-07";"41";"0";"1";"SmartPlug"
"2015-03-07 12:59:52.018";"10136";"2015-03-07 12:59:11.868";"BoilerOn";"2015-03-07";"40";"0";"1";"SmartPlug"
"2015-03-07 13:00:06.553";"10136";"2015-03-07 12:57:20.963";"CookerOn";"2015-03-07";"165";"0";"1";"SmartPlug"
"2015-03-07 13:18:59.871";"10136";"2015-03-07 13:17:36.322";"BoilerOn";"2015-03-07";"83";"0";"1";"SmartPlug"
"2015-03-07 13:20:04.384";"10136";"2015-03-07 13:19:24.488";"BoilerOn";"2015-03-07";"39";"0";"1";"SmartPlug"
"2015-03-07 13:21:26.823";"10136";"2015-03-07 13:20:56.413";"BoilerOn";"2015-03-07";"30";"0";"1";"SmartPlug"
"2015-03-07 13:44:14.647";"10136";"2015-03-07 13:42:11.980";"BoilerOn";"2015-03-07";"122";"0";"1";"SmartPlug"
"2015-03-07 13:45:17.516";"10136";"2015-03-07 13:44:37.500";"BoilerOn";"2015-03-07";"40";"0";"1";"SmartPlug"
"2015-03-07 13:46:40.322";"10136";"2015-03-07 13:46:10.013";"BoilerOn";"2015-03-07";"30";"0";"1";"SmartPlug"
"2015-03-07 13:48:36.354";"10136";"2015-03-07 13:48:06.367";"BoilerOn";"2015-03-07";"29";"0";"1";"SmartPlug"
"2015-03-07 15:30:37.410";"10136";"2015-03-07 15:26:45.771";"WashingMachineOn";"2015-03-07";"231";"0";"1";"SmartPlug"
"2015-03-07 15:32:50.131";"10136";"2015-03-07 14:57:16.670";"TvOn";"2015-03-07";"2133";"0";"1";"SmartPlug"
"2015-03-07 15:33:03.811";"10136";"2015-03-07 15:31:39.474";"WashingMachineOn";"2015-03-07";"84";"0";"1";"SmartPlug"
"2015-03-07 15:38:01.806";"10136";"2015-03-07 15:35:30.314";"WashingMachineOn";"2015-03-07";"151";"0";"1";"SmartPlug"
"2015-03-07 16:19:55.784";"10136";"2015-03-07 15:42:26.953";"WashingMachineOn";"2015-03-07";"2248";"0";"1";"SmartPlug"
"2015-03-07 16:28:20.901";"10136";"2015-03-07 15:33:02.146";"TvOn";"2015-03-07";"3318";"0";"1";"SmartPlug"
"2015-03-07 16:34:55.328";"10136";"2015-03-07 16:34:34.760";"WashingMachineOn";"2015-03-07";"20";"0";"1";"SmartPlug"
"2015-03-07 16:44:58.862";"10136";"2015-03-07 16:43:36.812";"CookerOn";"2015-03-07";"82";"0";"1";"SmartPlug"
"2015-03-07 16:48:23.514";"10136";"2015-03-07 16:46:42.538";"WashingMachineOn";"2015-03-07";"100";"0";"1";"SmartPlug"
"2015-03-07 17:00:09.746";"10136";"2015-03-07 16:58:12.272";"WashingMachineOn";"2015-03-07";"117";"0";"1";"SmartPlug"
"2015-03-07 17:16:20.349";"10136";"2015-03-07 17:14:57.299";"WashingMachineOn";"2015-03-07";"83";"0";"1";"SmartPlug"
"2015-03-07 17:19:56.860";"10136";"2015-03-07 17:17:28.539";"WashingMachineOn";"2015-03-07";"148";"0";"1";"SmartPlug"
"2015-03-07 17:25:32.032";"10136";"2015-03-07 16:28:45.419";"TvOn";"2015-03-07";"3406";"0";"1";"SmartPlug"
"2015-03-07 17:26:34.735";"10136";"2015-03-07 17:25:44.202";"TvOn";"2015-03-07";"50";"0";"1";"SmartPlug"
"2015-03-07 17:52:59.125";"10136";"2015-03-07 17:26:57.477";"TvOn";"2015-03-07";"1561";"0";"1";"SmartPlug"
"2015-03-07 18:17:38.277";"10136";"2015-03-07 17:53:11.295";"TvOn";"2015-03-07";"1466";"0";"1";"SmartPlug"
"2015-03-07 18:41:44.748";"10136";"2015-03-07 18:36:47.395";"WashingMachineOn";"2015-03-07";"297";"0";"1";"SmartPlug"
"2015-03-07 21:18:15.763";"10136";"2015-03-07 21:13:20.118";"CookerOn";"2015-03-07";"295";"0";"1";"SmartPlug"
"2015-03-07 21:23:24.108";"10136";"2015-03-07 21:08:30.574";"TvOn";"2015-03-07";"893";"0";"1";"SmartPlug"
"2015-03-07 22:08:07.616";"10136";"2015-03-07 21:23:36.145";"TvOn";"2015-03-07";"2671";"0";"1";"SmartPlug"
"2015-03-07 22:09:00.534";"10136";"2015-03-07 22:08:30.484";"TvOn";"2015-03-07";"30";"0";"1";"SmartPlug"
"2015-03-07 22:09:22.811";"10136";"2015-03-07 22:09:12.827";"TvOn";"2015-03-07";"9";"0";"1";"SmartPlug"
"2015-03-07 22:10:05.489";"10136";"2015-03-07 22:09:34.982";"TvOn";"2015-03-07";"30";"0";"1";"SmartPlug"
"2015-03-07 22:54:16.938";"10136";"2015-03-07 22:10:17.694";"TvOn";"2015-03-07";"2639";"0";"1";"SmartPlug"
"2015-03-07 23:27:53.773";"10136";"2015-03-07 22:54:59.772";"TvOn";"2015-03-07";"1974";"0";"1";"SmartPlug"
"2015-03-07 23:49:45.037";"10136";"2015-03-07 23:28:05.921";"TvOn";"2015-03-07";"1299";"0";"1";"SmartPlug"
"2015-03-07 23:57:57.212";"10136";"2015-03-07 23:49:57.253";"TvOn";"2015-03-07";"479";"0";"1";"SmartPlug"
"2015-03-07 23:58:39.725";"10136";"2015-03-07 23:58:29.644";"TvOn";"2015-03-07";"10";"0";"1";"SmartPlug"
"2015-03-07 23:59:12.168";"10136";"2015-03-07 23:59:02.139";"TvOn";"2015-03-07";"10";"0";"1";"SmartPlug"
"2015-03-08 00:28:55.897";"10136";"2015-03-07 23:59:34.877";"TvOn";"2015-03-07";"1761";"0";"1";"SmartPlug"
"2015-03-08 00:40:18.577";"10136";"2015-03-08 00:29:08.044";"TvOn";"2015-03-08";"670";"0";"1";"SmartPlug"
"2015-03-08 00:40:40.933";"10136";"2015-03-08 00:40:31.008";"TvOn";"2015-03-08";"9";"0";"1";"SmartPlug"
"2015-03-08 00:49:26.189";"10136";"2015-03-08 00:40:52.980";"TvOn";"2015-03-08";"513";"0";"1";"SmartPlug"
"2015-03-08 00:49:48.777";"10136";"2015-03-08 00:49:38.493";"TvOn";"2015-03-08";"10";"0";"1";"SmartPlug"
"2015-03-08 00:53:17.604";"10136";"2015-03-08 00:50:00.952";"TvOn";"2015-03-08";"196";"0";"1";"SmartPlug"
"2015-03-08 01:21:01.350";"10136";"2015-03-08 00:53:29.774";"TvOn";"2015-03-08";"1651";"0";"1";"SmartPlug"
"2015-03-08 01:25:35.228";"10136";"2015-03-08 01:21:13.594";"TvOn";"2015-03-08";"261";"0";"1";"SmartPlug"
"2015-03-08 01:26:17.907";"10136";"2015-03-08 01:25:47.605";"TvOn";"2015-03-08";"30";"0";"1";"SmartPlug"
"2015-03-08 11:53:25.006";"10136";"2015-03-08 11:50:40.315";"BoilerOn";"2015-03-08";"164";"0";"1";"SmartPlug"
"2015-03-08 11:54:33.751";"10136";"2015-03-08 11:53:54.938";"BoilerOn";"2015-03-08";"38";"0";"1";"SmartPlug"
"2015-03-08 11:55:55.020";"10136";"2015-03-08 11:55:29.549";"BoilerOn";"2015-03-08";"25";"0";"1";"SmartPlug"
"2015-03-08 11:57:53.827";"10136";"2015-03-08 11:57:25.281";"BoilerOn";"2015-03-08";"28";"0";"1";"SmartPlug"
"2015-03-08 13:12:34.875";"10136";"2015-03-08 13:12:04.304";"TvOn";"2015-03-08";"30";"0";"1";"SmartPlug"
"2015-03-08 13:13:49.027";"10136";"2015-03-08 13:13:18.862";"TvOn";"2015-03-08";"30";"0";"1";"SmartPlug"
"2015-03-08 13:14:11.252";"10136";"2015-03-08 13:14:01.180";"TvOn";"2015-03-08";"10";"0";"1";"SmartPlug"
"2015-03-08 13:14:33.429";"10136";"2015-03-08 13:14:23.401";"TvOn";"2015-03-08";"10";"0";"1";"SmartPlug"
"2015-03-08 13:29:55.515";"10136";"2015-03-08 13:16:30.892";"TvOn";"2015-03-08";"804";"0";"1";"SmartPlug"
"2015-03-08 13:39:01.908";"10136";"2015-03-08 13:30:07.578";"TvOn";"2015-03-08";"534";"0";"1";"SmartPlug"
"2015-03-08 14:00:38.721";"10136";"2015-03-08 13:39:14.479";"TvOn";"2015-03-08";"1284";"0";"1";"SmartPlug"
"2015-03-08 14:08:48.078";"10136";"2015-03-08 14:06:26.230";"BoilerOn";"2015-03-08";"141";"0";"1";"SmartPlug"
"2015-03-08 14:09:51.036";"10136";"2015-03-08 14:09:10.865";"BoilerOn";"2015-03-08";"40";"0";"1";"SmartPlug"
"2015-03-08 14:11:23.959";"10136";"2015-03-08 14:10:53.895";"BoilerOn";"2015-03-08";"30";"0";"1";"SmartPlug"
"2015-03-08 14:13:16.908";"10136";"2015-03-08 14:12:36.792";"BoilerOn";"2015-03-08";"40";"0";"1";"SmartPlug"
"2015-03-08 14:41:23.586";"10136";"2015-03-08 14:00:51.146";"TvOn";"2015-03-08";"2432";"0";"1";"SmartPlug"
"2015-03-08 15:02:15.434";"10136";"2015-03-08 14:41:35.945";"TvOn";"2015-03-08";"1239";"0";"1";"SmartPlug"
"2015-03-08 15:07:44.160";"10136";"2015-03-08 15:06:02.817";"BoilerOn";"2015-03-08";"101";"0";"1";"SmartPlug"
"2015-03-08 15:09:16.274";"10136";"2015-03-08 15:08:36.202";"BoilerOn";"2015-03-08";"40";"0";"1";"SmartPlug"
"2015-03-08 15:39:12.882";"10136";"2015-03-08 15:38:56.474";"CookerOn";"2015-03-08";"16";"0";"1";"SmartPlug"
"2015-03-08 15:47:33.833";"10136";"2015-03-08 15:39:25.208";"CookerOn";"2015-03-08";"488";"0";"1";"SmartPlug"
"2015-03-08 15:50:17.444";"10136";"2015-03-08 15:48:06.438";"CookerOn";"2015-03-08";"131";"0";"1";"SmartPlug"
"2015-03-08 15:55:27.020";"10136";"2015-03-08 15:52:02.207";"CookerOn";"2015-03-08";"204";"0";"1";"SmartPlug"
"2015-03-08 15:57:09.722";"10136";"2015-03-08 15:55:59.419";"CookerOn";"2015-03-08";"70";"0";"1";"SmartPlug"
"2015-03-08 15:58:54.017";"10136";"2015-03-08 15:57:22.370";"CookerOn";"2015-03-08";"91";"0";"1";"SmartPlug"
"2015-03-08 16:00:59.147";"10136";"2015-03-08 15:59:26.433";"CookerOn";"2015-03-08";"92";"0";"1";"SmartPlug"
"2015-03-08 16:02:52.616";"10136";"2015-03-08 16:01:42.646";"CookerOn";"2015-03-08";"69";"0";"1";"SmartPlug"
"2015-03-08 16:05:16.073";"10136";"2015-03-08 16:03:25.273";"CookerOn";"2015-03-08";"110";"0";"1";"SmartPlug"
"2015-03-08 16:06:10.711";"10136";"2015-03-08 16:05:39.289";"CookerOn";"2015-03-08";"31";"0";"1";"SmartPlug"
"2015-03-08 16:08:35.061";"10136";"2015-03-08 16:06:33.298";"CookerOn";"2015-03-08";"121";"0";"1";"SmartPlug"
"2015-03-08 16:11:43.420";"10136";"2015-03-08 16:09:29.038";"CookerOn";"2015-03-08";"134";"0";"1";"SmartPlug"
"2015-03-08 16:12:36.117";"10136";"2015-03-08 16:11:55.480";"CookerOn";"2015-03-08";"40";"0";"1";"SmartPlug"
"2015-03-08 20:27:17.683";"10136";"2015-03-08 20:07:35.928";"TvOn";"2015-03-08";"1181";"0";"1";"SmartPlug"
"2015-03-08 20:58:08.625";"10136";"2015-03-08 20:27:40.370";"TvOn";"2015-03-08";"1828";"0";"1";"SmartPlug"
"2015-03-08 21:18:17.291";"10136";"2015-03-08 20:58:21.403";"TvOn";"2015-03-08";"1195";"0";"1";"SmartPlug"
"2015-03-08 21:26:35.357";"10136";"2015-03-08 21:25:10.322";"CookerOn";"2015-03-08";"85";"0";"1";"SmartPlug"
"2015-03-08 21:28:08.792";"10136";"2015-03-08 21:26:47.482";"CookerOn";"2015-03-08";"81";"0";"1";"SmartPlug"
"2015-03-08 22:03:16.532";"10136";"2015-03-08 21:18:29.428";"TvOn";"2015-03-08";"2687";"0";"1";"SmartPlug"
"2015-03-08 22:04:39.560";"10136";"2015-03-08 22:03:28.669";"TvOn";"2015-03-08";"70";"0";"1";"SmartPlug"
"2015-03-08 22:20:20.349";"10136";"2015-03-08 22:04:52.318";"TvOn";"2015-03-08";"928";"0";"1";"SmartPlug"
"2015-03-08 22:32:47.264";"10136";"2015-03-08 22:30:04.943";"BoilerOn";"2015-03-08";"162";"0";"1";"SmartPlug"
"2015-03-08 22:33:53.883";"10136";"2015-03-08 22:33:19.736";"BoilerOn";"2015-03-08";"34";"0";"1";"SmartPlug"
"2015-03-08 22:34:07.103";"10136";"2015-03-08 22:20:32.758";"TvOn";"2015-03-08";"814";"0";"1";"SmartPlug"
"2015-03-08 22:35:11.459";"10136";"2015-03-08 22:34:40.467";"BoilerOn";"2015-03-08";"30";"0";"1";"SmartPlug"
"2015-03-08 22:36:34.997";"10136";"2015-03-08 22:36:04.227";"BoilerOn";"2015-03-08";"30";"0";"1";"SmartPlug"
"2015-03-08 22:38:29.153";"10136";"2015-03-08 22:38:08.552";"BoilerOn";"2015-03-08";"20";"0";"1";"SmartPlug"
"2015-03-08 22:56:53.156";"10136";"2015-03-08 22:34:19.289";"TvOn";"2015-03-08";"1353";"0";"1";"SmartPlug"
"2015-03-08 23:02:28.634";"10136";"2015-03-08 22:57:05.887";"TvOn";"2015-03-08";"322";"0";"1";"SmartPlug"
"2015-03-08 23:21:11.990";"10136";"2015-03-08 23:02:40.785";"TvOn";"2015-03-08";"1111";"0";"1";"SmartPlug"
"2015-03-09 00:02:42.296";"10136";"2015-03-09 00:01:31.713";"TvOn";"2015-03-09";"70";"0";"1";"SmartPlug"
"2015-03-09 00:04:06.086";"10136";"2015-03-09 00:02:54.722";"TvOn";"2015-03-09";"71";"0";"1";"SmartPlug"
"2015-03-09 00:28:26.225";"10136";"2015-03-09 00:04:19.566";"TvOn";"2015-03-09";"1446";"0";"1";"SmartPlug"
"2015-03-09 00:29:20.540";"10136";"2015-03-09 00:28:39.006";"TvOn";"2015-03-09";"41";"0";"1";"SmartPlug"
"2015-03-09 00:53:09.747";"10136";"2015-03-09 00:29:32.665";"TvOn";"2015-03-09";"1417";"0";"1";"SmartPlug"
"2015-03-09 00:54:12.184";"10136";"2015-03-09 00:53:32.234";"TvOn";"2015-03-09";"39";"0";"1";"SmartPlug"
"2015-03-09 01:23:48.721";"10136";"2015-03-09 00:54:24.737";"TvOn";"2015-03-09";"1763";"0";"1";"SmartPlug"
"2015-03-09 10:12:16.820";"10136";"2015-03-09 10:09:32.706";"BoilerOn";"2015-03-09";"164";"0";"1";"SmartPlug"
"2015-03-09 10:13:30.507";"10136";"2015-03-09 10:12:59.532";"BoilerOn";"2015-03-09";"30";"0";"1";"SmartPlug"
"2015-03-09 10:15:11.085";"10136";"2015-03-09 10:14:34.819";"BoilerOn";"2015-03-09";"36";"0";"1";"SmartPlug"
"2015-03-09 15:40:09.421";"10136";"2015-03-09 15:30:24.689";"CookerOn";"2015-03-09";"584";"0";"1";"SmartPlug"
"2015-03-09 15:43:30.145";"10136";"2015-03-09 15:41:58.198";"CookerOn";"2015-03-09";"91";"0";"1";"SmartPlug"
"2015-03-10 00:36:28.507";"10136";"2015-03-10 00:05:48.250";"TvOn";"2015-03-10";"1840";"0";"1";"SmartPlug"
"2015-03-10 00:59:03.931";"10136";"2015-03-10 00:37:11.274";"TvOn";"2015-03-10";"1312";"0";"1";"SmartPlug"
"2015-03-10 00:59:46.340";"10136";"2015-03-10 00:59:16.444";"TvOn";"2015-03-10";"29";"0";"1";"SmartPlug"
"2015-03-10 01:00:08.849";"10136";"2015-03-10 00:59:58.712";"TvOn";"2015-03-10";"10";"0";"1";"SmartPlug"
"2015-03-10 01:00:30.938";"10136";"2015-03-10 01:00:20.978";"TvOn";"2015-03-10";"9";"0";"1";"SmartPlug"
"2015-03-10 01:01:03.700";"10136";"2015-03-10 01:00:43.178";"TvOn";"2015-03-10";"20";"0";"1";"SmartPlug"
"2015-03-10 01:04:17.976";"10136";"2015-03-10 01:02:26.981";"TvOn";"2015-03-10";"110";"0";"1";"SmartPlug"
"2015-03-10 01:04:50.829";"10136";"2015-03-10 01:04:30.768";"TvOn";"2015-03-10";"20";"0";"1";"SmartPlug"
"2015-03-10 01:11:32.798";"10136";"2015-03-10 01:08:59.600";"BoilerOn";"2015-03-10";"153";"0";"1";"SmartPlug"
"2015-03-10 01:13:06.397";"10136";"2015-03-10 01:12:36.188";"BoilerOn";"2015-03-10";"30";"0";"1";"SmartPlug"
"2015-03-10 01:15:09.496";"10136";"2015-03-10 01:14:49.394";"BoilerOn";"2015-03-10";"20";"0";"1";"SmartPlug"
"2015-03-10 01:19:55.034";"10136";"2015-03-10 01:05:02.998";"TvOn";"2015-03-10";"892";"0";"1";"SmartPlug"
"2015-03-10 01:20:37.635";"10136";"2015-03-10 01:20:07.315";"TvOn";"2015-03-10";"30";"0";"1";"SmartPlug"
"2015-03-10 02:05:58.770";"10136";"2015-03-10 01:20:50.781";"TvOn";"2015-03-10";"2707";"0";"1";"SmartPlug"
"2015-03-10 02:09:33.960";"10136";"2015-03-10 02:06:11.584";"TvOn";"2015-03-10";"202";"0";"1";"SmartPlug"
"2015-03-10 02:10:06.902";"10136";"2015-03-10 02:09:56.859";"TvOn";"2015-03-10";"10";"0";"1";"SmartPlug"
"2015-03-10 10:23:24.865";"10136";"2015-03-10 10:20:51.819";"BoilerOn";"2015-03-10";"153";"0";"1";"SmartPlug"
"2015-03-10 10:24:45.807";"10136";"2015-03-10 10:24:11.803";"BoilerOn";"2015-03-10";"34";"0";"1";"SmartPlug"
"2015-03-10 10:26:31.463";"10136";"2015-03-10 10:25:56.664";"BoilerOn";"2015-03-10";"34";"0";"1";"SmartPlug"
"2015-03-10 10:28:41.044";"10136";"2015-03-10 10:28:28.552";"BoilerOn";"2015-03-10";"12";"0";"1";"SmartPlug"
"2015-03-10 22:02:17.335";"10136";"2015-03-10 21:55:05.163";"CookerOn";"2015-03-10";"432";"0";"1";"SmartPlug"
"2015-03-10 22:27:44.462";"10136";"2015-03-10 22:20:47.814";"TvOn";"2015-03-10";"416";"0";"1";"SmartPlug"
"2015-03-10 22:55:33.853";"10136";"2015-03-10 22:27:56.821";"TvOn";"2015-03-10";"1657";"0";"1";"SmartPlug"
"2015-03-10 23:00:09.605";"10136";"2015-03-10 22:55:46.167";"TvOn";"2015-03-10";"263";"0";"1";"SmartPlug"
"2015-03-10 23:20:44.022";"10136";"2015-03-10 23:17:51.585";"BoilerOn";"2015-03-10";"172";"0";"1";"SmartPlug"
"2015-03-10 23:21:46.311";"10136";"2015-03-10 23:00:24.338";"TvOn";"2015-03-10";"1281";"0";"1";"SmartPlug"
"2015-03-10 23:21:49.322";"10136";"2015-03-10 23:21:16.927";"BoilerOn";"2015-03-10";"32";"0";"1";"SmartPlug"
"2015-03-10 23:22:40.743";"10136";"2015-03-10 23:22:00.677";"TvOn";"2015-03-10";"40";"0";"1";"SmartPlug"
"2015-03-10 23:23:13.892";"10136";"2015-03-10 23:22:43.715";"BoilerOn";"2015-03-10";"30";"0";"1";"SmartPlug"
"2015-03-10 23:24:57.483";"10136";"2015-03-10 23:24:16.439";"BoilerOn";"2015-03-10";"41";"0";"1";"SmartPlug"
"2015-03-11 00:37:55.249";"10136";"2015-03-11 00:37:45.365";"TvOn";"2015-03-11";"9";"0";"1";"SmartPlug"
"2015-03-11 01:00:21.141";"10136";"2015-03-11 00:38:07.354";"TvOn";"2015-03-11";"1333";"0";"1";"SmartPlug"
"2015-03-11 10:03:52.703";"10136";"2015-03-11 10:01:11.872";"BoilerOn";"2015-03-11";"160";"0";"1";"SmartPlug"
"2015-03-11 10:05:06.655";"10136";"2015-03-11 10:04:15.497";"BoilerOn";"2015-03-11";"51";"0";"1";"SmartPlug"
"2015-03-11 10:06:21.702";"10136";"2015-03-11 10:05:50.231";"BoilerOn";"2015-03-11";"31";"0";"1";"SmartPlug"
"2015-03-11 10:08:06.685";"10136";"2015-03-11 10:07:36.775";"BoilerOn";"2015-03-11";"29";"0";"1";"SmartPlug"
"2015-03-11 10:36:14.317";"10136";"2015-03-11 10:34:03.771";"BoilerOn";"2015-03-11";"130";"0";"1";"SmartPlug"
"2015-03-11 10:37:26.605";"10136";"2015-03-11 10:36:46.689";"BoilerOn";"2015-03-11";"39";"0";"1";"SmartPlug"
"2015-03-11 10:38:49.190";"10136";"2015-03-11 10:38:19.214";"BoilerOn";"2015-03-11";"29";"0";"1";"SmartPlug"
"2015-03-11 10:40:32.575";"10136";"2015-03-11 10:40:02.089";"BoilerOn";"2015-03-11";"30";"0";"1";"SmartPlug"
"2015-03-11 14:52:14.156";"10136";"2015-03-11 14:51:03.250";"CookerOn";"2015-03-11";"70";"0";"1";"SmartPlug"
"2015-03-11 15:43:38.589";"10136";"2015-03-11 14:54:50.993";"TvOn";"2015-03-11";"2927";"0";"1";"SmartPlug"
"2015-03-11 15:48:35.680";"10136";"2015-03-11 15:43:51.048";"TvOn";"2015-03-11";"284";"0";"1";"SmartPlug"
"2015-03-11 17:15:48.419";"10136";"2015-03-11 17:13:03.984";"BoilerOn";"2015-03-11";"164";"0";"1";"SmartPlug"
"2015-03-11 17:16:53.386";"10136";"2015-03-11 17:16:11.506";"BoilerOn";"2015-03-11";"41";"0";"1";"SmartPlug"
"2015-03-11 17:18:16.768";"10136";"2015-03-11 17:17:46.182";"BoilerOn";"2015-03-11";"30";"0";"1";"SmartPlug"
"2015-03-11 17:20:12.822";"10136";"2015-03-11 17:19:32.129";"BoilerOn";"2015-03-11";"40";"0";"1";"SmartPlug"
"2015-03-11 20:02:35.026";"10136";"2015-03-11 20:01:44.688";"TvOn";"2015-03-11";"50";"0";"1";"SmartPlug"
"2015-03-11 20:38:46.757";"10136";"2015-03-11 20:02:47.369";"TvOn";"2015-03-11";"2159";"0";"1";"SmartPlug"
"2015-03-11 21:02:00.800";"10136";"2015-03-11 20:38:59.153";"TvOn";"2015-03-11";"1381";"0";"1";"SmartPlug"
"2015-03-11 22:39:51.659";"10136";"2015-03-11 22:38:09.771";"TvOn";"2015-03-11";"101";"0";"1";"SmartPlug"
"2015-03-11 22:45:36.317";"10136";"2015-03-11 22:32:06.144";"CookerOn";"2015-03-11";"810";"0";"1";"SmartPlug"
"2015-03-11 22:48:20.797";"10136";"2015-03-11 22:45:58.628";"CookerOn";"2015-03-11";"142";"0";"1";"SmartPlug"
"2015-03-11 22:50:34.125";"10136";"2015-03-11 22:48:53.059";"CookerOn";"2015-03-11";"101";"0";"1";"SmartPlug"
"2015-03-11 22:52:46.555";"10136";"2015-03-11 22:51:06.608";"CookerOn";"2015-03-11";"99";"0";"1";"SmartPlug"
"2015-03-11 22:54:39.447";"10136";"2015-03-11 22:53:19.182";"CookerOn";"2015-03-11";"80";"0";"1";"SmartPlug"
"2015-03-11 22:57:03.747";"10136";"2015-03-11 22:55:21.793";"CookerOn";"2015-03-11";"101";"0";"1";"SmartPlug"
"2015-03-11 22:59:48.404";"10136";"2015-03-11 22:57:46.148";"CookerOn";"2015-03-11";"122";"0";"1";"SmartPlug"
"2015-03-11 23:02:03.517";"10136";"2015-03-11 23:00:21.009";"CookerOn";"2015-03-11";"102";"0";"1";"SmartPlug"
"2015-03-11 23:02:56.370";"10136";"2015-03-11 23:02:35.824";"CookerOn";"2015-03-11";"20";"0";"1";"SmartPlug"
"2015-03-11 23:05:00.900";"10136";"2015-03-11 22:40:04.895";"TvOn";"2015-03-11";"1496";"0";"1";"SmartPlug"
"2015-03-11 23:05:11.417";"10136";"2015-03-11 23:03:08.484";"CookerOn";"2015-03-11";"122";"0";"1";"SmartPlug"
"2015-03-11 23:07:34.985";"10136";"2015-03-11 23:05:53.796";"CookerOn";"2015-03-11";"101";"0";"1";"SmartPlug"
"2015-03-11 23:09:59.462";"10136";"2015-03-11 23:08:18.152";"CookerOn";"2015-03-11";"101";"0";"1";"SmartPlug"
"2015-03-11 23:12:03.027";"10136";"2015-03-11 23:10:21.761";"CookerOn";"2015-03-11";"101";"0";"1";"SmartPlug"
"2015-03-11 23:14:06.492";"10136";"2015-03-11 23:12:45.683";"CookerOn";"2015-03-11";"80";"0";"1";"SmartPlug"
"2015-03-11 23:16:50.247";"10136";"2015-03-11 23:15:19.491";"CookerOn";"2015-03-11";"90";"0";"1";"SmartPlug"
"2015-03-11 23:18:51.231";"10136";"2015-03-11 23:17:41.494";"CookerOn";"2015-03-11";"69";"0";"1";"SmartPlug"
"2015-03-11 23:20:34.184";"10136";"2015-03-11 23:19:33.499";"CookerOn";"2015-03-11";"60";"0";"1";"SmartPlug"
"2015-03-11 23:22:39.464";"10136";"2015-03-11 23:21:38.200";"CookerOn";"2015-03-11";"61";"0";"1";"SmartPlug"
"2015-03-11 23:24:42.164";"10136";"2015-03-11 23:23:22.047";"CookerOn";"2015-03-11";"80";"0";"1";"SmartPlug"
"2015-03-11 23:26:25.848";"10136";"2015-03-11 23:25:35.426";"CookerOn";"2015-03-11";"50";"0";"1";"SmartPlug"
"2015-03-11 23:28:19.300";"10136";"2015-03-11 23:27:18.416";"CookerOn";"2015-03-11";"60";"0";"1";"SmartPlug"
"2015-03-11 23:30:13.035";"10136";"2015-03-11 23:28:52.600";"CookerOn";"2015-03-11";"80";"0";"1";"SmartPlug"
"2015-03-11 23:32:07.326";"10136";"2015-03-11 23:31:05.654";"CookerOn";"2015-03-11";"61";"0";"1";"SmartPlug"
"2015-03-11 23:34:00.485";"10136";"2015-03-11 23:32:50.183";"CookerOn";"2015-03-11";"70";"0";"1";"SmartPlug"
"2015-03-11 23:39:09.220";"10136";"2015-03-11 23:05:15.156";"TvOn";"2015-03-11";"2034";"0";"1";"SmartPlug"
"2015-03-12 09:37:08.911";"10136";"2015-03-12 09:34:36.690";"BoilerOn";"2015-03-12";"152";"0";"1";"SmartPlug"
"2015-03-12 09:38:31.683";"10136";"2015-03-12 09:37:51.552";"BoilerOn";"2015-03-12";"40";"0";"1";"SmartPlug"
"2015-03-12 09:40:06.788";"10136";"2015-03-12 09:39:35.485";"BoilerOn";"2015-03-12";"31";"0";"1";"SmartPlug"
"2015-03-12 14:44:53.559";"10136";"2015-03-12 14:42:27.905";"CookerOn";"2015-03-12";"145";"0";"1";"SmartPlug"
"2015-03-12 14:52:00.086";"10136";"2015-03-12 14:45:06.800";"CookerOn";"2015-03-12";"413";"0";"1";"SmartPlug"
"2015-03-12 14:54:37.986";"10136";"2015-03-12 14:52:24.700";"CookerOn";"2015-03-12";"133";"0";"1";"SmartPlug"
"2015-03-12 14:57:00.353";"10136";"2015-03-12 14:55:23.693";"CookerOn";"2015-03-12";"96";"0";"1";"SmartPlug"
"2015-03-12 14:58:57.684";"10136";"2015-03-12 14:57:34.634";"CookerOn";"2015-03-12";"83";"0";"1";"SmartPlug"
"2015-03-12 15:01:04.754";"10136";"2015-03-12 14:59:52.376";"CookerOn";"2015-03-12";"72";"0";"1";"SmartPlug"
"2015-03-12 15:02:59.767";"10136";"2015-03-12 15:01:37.847";"CookerOn";"2015-03-12";"81";"0";"1";"SmartPlug"
"2015-03-12 15:04:53.402";"10136";"2015-03-12 15:03:52.562";"CookerOn";"2015-03-12";"60";"0";"1";"SmartPlug"
"2015-03-12 15:08:54.742";"10136";"2015-03-12 15:06:35.780";"CookerOn";"2015-03-12";"138";"0";"1";"SmartPlug"
"2015-03-12 15:11:18.310";"10136";"2015-03-12 15:09:47.738";"CookerOn";"2015-03-12";"90";"0";"1";"SmartPlug"
"2015-03-12 15:13:04.212";"10136";"2015-03-12 15:12:01.521";"CookerOn";"2015-03-12";"62";"0";"1";"SmartPlug"
"2015-03-12 15:14:57.339";"10136";"2015-03-12 15:13:50.939";"CookerOn";"2015-03-12";"66";"0";"1";"SmartPlug"
"2015-03-12 18:20:23.181";"10136";"2015-03-12 18:19:42.873";"TvOn";"2015-03-12";"40";"0";"1";"SmartPlug"
"2015-03-12 23:54:30.337";"10136";"2015-03-12 23:51:56.740";"BoilerOn";"2015-03-12";"153";"0";"1";"SmartPlug"
"2015-03-12 23:55:43.917";"10136";"2015-03-12 23:55:03.518";"BoilerOn";"2015-03-12";"40";"0";"1";"SmartPlug"
"2015-03-12 23:56:15.945";"10136";"2015-03-12 23:41:11.436";"TvOn";"2015-03-12";"904";"0";"1";"SmartPlug"
"2015-03-12 23:57:21.561";"10136";"2015-03-12 23:56:49.809";"BoilerOn";"2015-03-12";"31";"0";"1";"SmartPlug"
"2015-03-12 23:59:26.940";"10136";"2015-03-12 23:58:55.044";"BoilerOn";"2015-03-12";"31";"0";"1";"SmartPlug"
"2015-03-13 00:01:51.206";"10136";"2015-03-12 23:56:28.199";"TvOn";"2015-03-12";"323";"0";"1";"SmartPlug"
"2015-03-13 00:09:41.037";"10136";"2015-03-13 00:02:13.666";"TvOn";"2015-03-13";"447";"0";"1";"SmartPlug"
"2015-03-13 00:11:45.461";"10136";"2015-03-13 00:11:35.450";"TvOn";"2015-03-13";"10";"0";"1";"SmartPlug"
"2015-03-13 00:16:44.056";"10136";"2015-03-13 00:12:08.354";"TvOn";"2015-03-13";"275";"0";"1";"SmartPlug"
"2015-03-13 00:41:47.668";"10136";"2015-03-13 00:16:56.515";"TvOn";"2015-03-13";"1491";"0";"1";"SmartPlug"
"2015-03-13 00:43:00.219";"10136";"2015-03-13 00:41:59.927";"TvOn";"2015-03-13";"60";"0";"1";"SmartPlug"
"2015-03-13 00:43:54.195";"10136";"2015-03-13 00:43:12.582";"TvOn";"2015-03-13";"41";"0";"1";"SmartPlug"
"2015-03-13 00:47:42.620";"10136";"2015-03-13 00:44:07.044";"TvOn";"2015-03-13";"215";"0";"1";"SmartPlug"
"2015-03-13 00:48:25.177";"10136";"2015-03-13 00:47:55.190";"TvOn";"2015-03-13";"29";"0";"1";"SmartPlug"
"2015-03-13 00:55:11.158";"10136";"2015-03-13 00:48:37.687";"TvOn";"2015-03-13";"393";"0";"1";"SmartPlug"
"2015-03-13 00:55:33.900";"10136";"2015-03-13 00:55:23.439";"TvOn";"2015-03-13";"10";"0";"1";"SmartPlug"
"2015-03-13 01:05:06.409";"10136";"2015-03-13 00:55:46.725";"TvOn";"2015-03-13";"559";"0";"1";"SmartPlug"
"2015-03-13 01:08:11.966";"10136";"2015-03-13 01:05:19.345";"TvOn";"2015-03-13";"172";"0";"1";"SmartPlug"
"2015-03-13 01:34:58.529";"10136";"2015-03-13 01:08:24.170";"TvOn";"2015-03-13";"1594";"0";"1";"SmartPlug"
"2015-03-13 01:43:59.629";"10136";"2015-03-13 01:35:10.755";"TvOn";"2015-03-13";"528";"0";"1";"SmartPlug"
"2015-03-13 01:44:51.909";"10136";"2015-03-13 01:44:11.843";"TvOn";"2015-03-13";"40";"0";"1";"SmartPlug"
"2015-03-13 01:45:14.802";"10136";"2015-03-13 01:45:04.184";"TvOn";"2015-03-13";"10";"0";"1";"SmartPlug"
"2015-03-13 01:52:22.331";"10136";"2015-03-13 01:45:26.838";"TvOn";"2015-03-13";"415";"0";"1";"SmartPlug"
"2015-03-13 02:02:18.543";"10136";"2015-03-13 01:52:34.645";"TvOn";"2015-03-13";"583";"0";"1";"SmartPlug"
"2015-03-13 09:49:46.611";"10136";"2015-03-13 09:47:01.355";"BoilerOn";"2015-03-13";"165";"0";"1";"SmartPlug"
"2015-03-13 09:50:52.139";"10136";"2015-03-13 09:50:10.437";"BoilerOn";"2015-03-13";"41";"0";"1";"SmartPlug"
"2015-03-13 09:52:16.402";"10136";"2015-03-13 09:51:35.794";"BoilerOn";"2015-03-13";"40";"0";"1";"SmartPlug"
"2015-03-13 09:53:51.490";"10136";"2015-03-13 09:53:21.154";"BoilerOn";"2015-03-13";"30";"0";"1";"SmartPlug"
"2015-03-13 10:42:30.231";"10136";"2015-03-13 10:26:33.462";"TvOn";"2015-03-13";"956";"0";"1";"SmartPlug"
"2015-03-13 19:59:14.777";"10136";"2015-03-13 19:49:45.544";"TvOn";"2015-03-13";"569";"0";"1";"SmartPlug"
"2015-03-13 20:30:31.922";"10136";"2015-03-13 20:28:20.064";"CookerOn";"2015-03-13";"131";"0";"1";"SmartPlug"
"2015-03-13 20:33:18.343";"10136";"2015-03-13 20:30:44.458";"CookerOn";"2015-03-13";"153";"0";"1";"SmartPlug"
"2015-03-13 20:38:31.754";"10136";"2015-03-13 20:33:31.134";"CookerOn";"2015-03-13";"300";"0";"1";"SmartPlug"
"2015-03-13 21:57:41.153";"10136";"2015-03-13 19:59:27.047";"TvOn";"2015-03-13";"7094";"0";"1";"SmartPlug"
"2015-03-13 23:30:37.829";"10136";"2015-03-13 23:30:16.761";"TvOn";"2015-03-13";"21";"0";"1";"SmartPlug"
"2015-03-13 23:55:22.529";"10136";"2015-03-13 23:31:00.194";"TvOn";"2015-03-13";"1462";"0";"1";"SmartPlug"
"2015-03-14 00:26:15.406";"10136";"2015-03-13 23:55:34.887";"TvOn";"2015-03-13";"1840";"0";"1";"SmartPlug"
"2015-03-14 10:30:25.220";"10136";"2015-03-14 10:28:03.564";"BoilerOn";"2015-03-14";"141";"0";"1";"SmartPlug"
"2015-03-14 10:31:33.973";"10136";"2015-03-14 10:30:59.056";"BoilerOn";"2015-03-14";"34";"0";"1";"SmartPlug"
"2015-03-14 10:33:06.759";"10136";"2015-03-14 10:32:26.111";"BoilerOn";"2015-03-14";"40";"0";"1";"SmartPlug"
"2015-03-14 10:34:52.973";"10136";"2015-03-14 10:34:22.901";"BoilerOn";"2015-03-14";"30";"0";"1";"SmartPlug"
"2015-03-14 11:12:59.291";"10136";"2015-03-14 11:06:57.592";"TvOn";"2015-03-14";"361";"0";"1";"SmartPlug"
"2015-03-14 11:24:31.833";"10136";"2015-03-14 11:13:11.938";"TvOn";"2015-03-14";"679";"0";"1";"SmartPlug"
"2015-03-14 13:07:43.650";"10136";"2015-03-14 11:24:54.693";"TvOn";"2015-03-14";"6168";"0";"1";"SmartPlug"
"2015-03-14 13:12:12.967";"10136";"2015-03-14 13:09:59.000";"BoilerOn";"2015-03-14";"133";"0";"1";"SmartPlug"
"2015-03-14 13:13:36.661";"10136";"2015-03-14 13:12:55.912";"BoilerOn";"2015-03-14";"40";"0";"1";"SmartPlug"
"2015-03-14 13:14:49.985";"10136";"2015-03-14 13:14:39.956";"BoilerOn";"2015-03-14";"10";"0";"1";"SmartPlug"
"2015-03-14 13:54:28.917";"10136";"2015-03-14 13:07:55.879";"TvOn";"2015-03-14";"2793";"0";"1";"SmartPlug"
"2015-03-14 13:57:35.823";"10136";"2015-03-14 13:54:41.870";"TvOn";"2015-03-14";"173";"0";"1";"SmartPlug"
"2015-03-14 14:44:11.733";"10136";"2015-03-14 13:57:48.127";"TvOn";"2015-03-14";"2783";"0";"1";"SmartPlug"
"2015-03-14 14:45:53.887";"10136";"2015-03-14 14:41:45.669";"CookerOn";"2015-03-14";"248";"0";"1";"SmartPlug"
"2015-03-14 14:51:27.728";"10136";"2015-03-14 14:46:28.301";"CookerOn";"2015-03-14";"299";"0";"1";"SmartPlug"
"2015-03-14 14:53:32.924";"10136";"2015-03-14 14:51:40.130";"CookerOn";"2015-03-14";"112";"0";"1";"SmartPlug"
"2015-03-14 14:55:27.614";"10136";"2015-03-14 14:54:05.351";"CookerOn";"2015-03-14";"82";"0";"1";"SmartPlug"
"2015-03-14 14:57:29.513";"10136";"2015-03-14 14:56:00.969";"CookerOn";"2015-03-14";"88";"0";"1";"SmartPlug"
"2015-03-14 14:59:13.720";"10136";"2015-03-14 14:57:52.143";"CookerOn";"2015-03-14";"81";"0";"1";"SmartPlug"
"2015-03-14 15:00:58.954";"10136";"2015-03-14 14:59:25.891";"CookerOn";"2015-03-14";"93";"0";"1";"SmartPlug"
"2015-03-14 15:02:56.385";"10136";"2015-03-14 15:01:31.519";"CookerOn";"2015-03-14";"84";"0";"1";"SmartPlug"
"2015-03-14 15:03:54.695";"10136";"2015-03-14 15:03:42.306";"CookerOn";"2015-03-14";"12";"0";"1";"SmartPlug"
"2015-03-14 15:07:25.418";"10136";"2015-03-14 15:04:37.632";"CookerOn";"2015-03-14";"167";"0";"1";"SmartPlug"
"2015-03-14 15:09:43.070";"10136";"2015-03-14 15:08:01.916";"CookerOn";"2015-03-14";"101";"0";"1";"SmartPlug"
"2015-03-14 15:11:46.471";"10136";"2015-03-14 15:10:25.695";"CookerOn";"2015-03-14";"80";"0";"1";"SmartPlug"
"2015-03-14 15:13:40.417";"10136";"2015-03-14 15:12:29.148";"CookerOn";"2015-03-14";"71";"0";"1";"SmartPlug"
"2015-03-14 16:18:52.474";"10136";"2015-03-14 14:44:23.893";"TvOn";"2015-03-14";"5668";"0";"1";"SmartPlug"
"2015-03-14 18:40:34.614";"10136";"2015-03-14 17:54:33.033";"TvOn";"2015-03-14";"2761";"0";"1";"SmartPlug"
"2015-03-15 00:04:47.671";"10136";"2015-03-15 00:04:26.903";"TvOn";"2015-03-15";"20";"0";"1";"SmartPlug"
"2015-03-15 00:07:16.115";"10136";"2015-03-15 00:05:14.520";"TvOn";"2015-03-15";"121";"0";"1";"SmartPlug"
"2015-03-15 00:08:19.744";"10136";"2015-03-15 00:01:06.501";"CookerOn";"2015-03-15";"433";"0";"1";"SmartPlug"
"2015-03-15 00:43:54.280";"10136";"2015-03-15 00:07:28.397";"TvOn";"2015-03-15";"2185";"0";"1";"SmartPlug"
"2015-03-15 00:44:26.762";"10136";"2015-03-15 00:44:06.643";"TvOn";"2015-03-15";"20";"0";"1";"SmartPlug"
"2015-03-15 00:49:48.122";"10136";"2015-03-15 00:44:39.054";"TvOn";"2015-03-15";"309";"0";"1";"SmartPlug"
"2015-03-15 01:11:56.767";"10136";"2015-03-15 00:50:01.130";"TvOn";"2015-03-15";"1315";"0";"1";"SmartPlug"
"2015-03-15 01:28:58.015";"10136";"2015-03-15 01:12:09.031";"TvOn";"2015-03-15";"1008";"0";"1";"SmartPlug"
"2015-03-15 01:44:09.465";"10136";"2015-03-15 01:29:10.267";"TvOn";"2015-03-15";"899";"0";"1";"SmartPlug"
"2015-03-15 01:45:01.855";"10136";"2015-03-15 01:44:21.960";"TvOn";"2015-03-15";"39";"0";"1";"SmartPlug"
"2015-03-15 01:48:16.310";"10136";"2015-03-15 01:45:14.213";"TvOn";"2015-03-15";"182";"0";"1";"SmartPlug"
"2015-03-15 02:05:32.145";"10136";"2015-03-15 01:48:50.898";"TvOn";"2015-03-15";"1001";"0";"1";"SmartPlug"
"2015-03-15 11:10:39.004";"10136";"2015-03-15 11:08:25.041";"BoilerOn";"2015-03-15";"133";"0";"1";"SmartPlug"
"2015-03-15 11:11:34.987";"10136";"2015-03-15 11:11:01.894";"BoilerOn";"2015-03-15";"33";"0";"1";"SmartPlug"
"2015-03-15 11:12:40.127";"10136";"2015-03-15 11:12:19.547";"BoilerOn";"2015-03-15";"20";"0";"1";"SmartPlug"
"2015-03-15 11:14:06.332";"10136";"2015-03-15 11:13:35.397";"BoilerOn";"2015-03-15";"30";"0";"1";"SmartPlug"
"2015-03-15 11:15:52.626";"10136";"2015-03-15 11:15:22.344";"BoilerOn";"2015-03-15";"30";"0";"1";"SmartPlug"
"2015-03-15 11:18:17.223";"10136";"2015-03-15 11:17:57.193";"BoilerOn";"2015-03-15";"20";"0";"1";"SmartPlug"
"2015-03-15 15:26:00.723";"10136";"2015-03-15 14:11:32.657";"TvOn";"2015-03-15";"4468";"0";"1";"SmartPlug"
"2015-03-15 16:50:59.750";"10136";"2015-03-15 16:41:48.079";"TvOn";"2015-03-15";"551";"0";"1";"SmartPlug"
"2015-03-15 17:23:32.247";"10136";"2015-03-15 16:51:12.340";"TvOn";"2015-03-15";"1939";"0";"1";"SmartPlug"
"2015-03-15 18:02:49.021";"10136";"2015-03-15 17:51:31.744";"TvOn";"2015-03-15";"677";"0";"1";"SmartPlug"
"2015-03-15 18:20:43.398";"10136";"2015-03-15 18:03:01.313";"TvOn";"2015-03-15";"1062";"0";"1";"SmartPlug"
"2015-03-15 18:31:30.465";"10136";"2015-03-15 18:20:55.808";"TvOn";"2015-03-15";"634";"0";"1";"SmartPlug"
"2015-03-15 22:48:52.494";"10136";"2015-03-15 22:43:02.178";"CookerOn";"2015-03-15";"350";"0";"1";"SmartPlug"
"2015-03-15 22:55:12.951";"10136";"2015-03-15 22:51:59.983";"TvOn";"2015-03-15";"192";"0";"1";"SmartPlug"
"2015-03-15 22:55:35.250";"10136";"2015-03-15 22:55:25.199";"TvOn";"2015-03-15";"10";"0";"1";"SmartPlug"
"2015-03-15 22:56:28.657";"10136";"2015-03-15 22:55:58.071";"TvOn";"2015-03-15";"30";"0";"1";"SmartPlug"
"2015-03-15 22:58:44.102";"10136";"2015-03-15 22:56:41.502";"TvOn";"2015-03-15";"122";"0";"1";"SmartPlug"
"2015-03-15 23:15:15.558";"10136";"2015-03-15 22:58:56.295";"TvOn";"2015-03-15";"979";"0";"1";"SmartPlug"
"2015-03-15 23:22:35.417";"10136";"2015-03-15 23:15:27.754";"TvOn";"2015-03-15";"427";"0";"1";"SmartPlug"
"2015-03-16 00:03:42.669";"10136";"2015-03-15 23:22:47.843";"TvOn";"2015-03-15";"2454";"0";"1";"SmartPlug"
"2015-03-16 00:06:27.005";"10136";"2015-03-16 00:03:55.582";"TvOn";"2015-03-16";"151";"0";"1";"SmartPlug"
"2015-03-16 00:12:46.131";"10136";"2015-03-16 00:06:39.463";"TvOn";"2015-03-16";"366";"0";"1";"SmartPlug"
"2015-03-16 00:14:09.255";"10136";"2015-03-16 00:12:58.464";"TvOn";"2015-03-16";"70";"0";"1";"SmartPlug"
"2015-03-16 01:03:06.680";"10136";"2015-03-16 00:14:21.639";"TvOn";"2015-03-16";"2925";"0";"1";"SmartPlug"
"2015-03-16 01:04:29.419";"10136";"2015-03-16 01:03:19.240";"TvOn";"2015-03-16";"70";"0";"1";"SmartPlug"
"2015-03-16 01:06:14.180";"10136";"2015-03-16 01:04:41.938";"TvOn";"2015-03-16";"92";"0";"1";"SmartPlug"
"2015-03-16 01:13:13.167";"10136";"2015-03-16 01:06:26.638";"TvOn";"2015-03-16";"406";"0";"1";"SmartPlug"
"2015-03-16 01:17:04.333";"10136";"2015-03-16 01:13:25.831";"TvOn";"2015-03-16";"218";"0";"1";"SmartPlug"
"2015-03-16 01:19:49.478";"10136";"2015-03-16 01:17:16.609";"TvOn";"2015-03-16";"152";"0";"1";"SmartPlug"
"2015-03-16 01:22:23.042";"10136";"2015-03-16 01:20:02.126";"TvOn";"2015-03-16";"140";"0";"1";"SmartPlug"
"2015-03-16 01:25:17.623";"10136";"2015-03-16 01:22:35.367";"TvOn";"2015-03-16";"162";"0";"1";"SmartPlug"
"2015-03-16 01:26:50.518";"10136";"2015-03-16 01:25:29.904";"TvOn";"2015-03-16";"80";"0";"1";"SmartPlug"
"2015-03-16 01:28:16.264";"10136";"2015-03-16 01:27:03.948";"TvOn";"2015-03-16";"72";"0";"1";"SmartPlug"
"2015-03-16 01:36:05.118";"10136";"2015-03-16 01:28:28.517";"TvOn";"2015-03-16";"456";"0";"1";"SmartPlug"
"2015-03-16 01:43:55.754";"10136";"2015-03-16 01:36:17.310";"TvOn";"2015-03-16";"458";"0";"1";"SmartPlug"
"2015-03-16 02:01:07.478";"10136";"2015-03-16 01:44:08.091";"TvOn";"2015-03-16";"1019";"0";"1";"SmartPlug"
"2015-03-16 02:06:23.746";"10136";"2015-03-16 02:01:19.889";"TvOn";"2015-03-16";"303";"0";"1";"SmartPlug"
"2015-03-16 02:07:06.566";"10136";"2015-03-16 02:06:35.883";"TvOn";"2015-03-16";"30";"0";"1";"SmartPlug"
"2015-03-16 02:13:13.137";"10136";"2015-03-16 02:07:18.962";"TvOn";"2015-03-16";"354";"0";"1";"SmartPlug"
"2015-03-16 02:13:55.827";"10136";"2015-03-16 02:13:25.651";"TvOn";"2015-03-16";"30";"0";"1";"SmartPlug"
"2015-03-16 02:19:02.576";"10136";"2015-03-16 02:14:29.161";"TvOn";"2015-03-16";"273";"0";"1";"SmartPlug"
"2015-03-16 10:50:27.087";"10136";"2015-03-16 10:48:20.515";"BoilerOn";"2015-03-16";"126";"0";"1";"SmartPlug"
"2015-03-16 10:51:41.007";"10136";"2015-03-16 10:51:00.713";"BoilerOn";"2015-03-16";"40";"0";"1";"SmartPlug"
"2015-03-16 10:53:05.871";"10136";"2015-03-16 10:52:34.596";"BoilerOn";"2015-03-16";"31";"0";"1";"SmartPlug"
"2015-03-16 10:54:59.154";"10136";"2015-03-16 10:54:28.989";"BoilerOn";"2015-03-16";"30";"0";"1";"SmartPlug"
"2015-03-16 15:49:17.353";"10136";"2015-03-16 15:43:13.703";"CookerOn";"2015-03-16";"363";"0";"1";"SmartPlug"
"2015-03-16 15:50:10.017";"10136";"2015-03-16 15:49:29.590";"CookerOn";"2015-03-16";"40";"0";"1";"SmartPlug"
"2015-03-16 21:58:06.840";"10136";"2015-03-16 21:50:45.548";"CookerOn";"2015-03-16";"441";"0";"1";"SmartPlug"
"2015-03-16 21:58:59.104";"10136";"2015-03-16 21:58:29.239";"CookerOn";"2015-03-16";"29";"0";"1";"SmartPlug"
"2015-03-16 23:23:29.092";"10136";"2015-03-16 23:03:12.576";"TvOn";"2015-03-16";"1216";"0";"1";"SmartPlug"
"2015-03-16 23:24:22.520";"10136";"2015-03-16 23:23:52.289";"TvOn";"2015-03-16";"30";"0";"1";"SmartPlug"
"2015-03-16 23:25:05.251";"10136";"2015-03-16 23:24:34.690";"TvOn";"2015-03-16";"30";"0";"1";"SmartPlug"
"2015-03-16 23:44:56.657";"10136";"2015-03-16 23:25:27.417";"TvOn";"2015-03-16";"1169";"0";"1";"SmartPlug"
"2015-03-16 23:45:19.213";"10136";"2015-03-16 23:45:08.771";"TvOn";"2015-03-16";"10";"0";"1";"SmartPlug"
"2015-03-16 23:46:01.391";"10136";"2015-03-16 23:45:31.317";"TvOn";"2015-03-16";"30";"0";"1";"SmartPlug"
"2015-03-16 23:52:18.599";"10136";"2015-03-16 23:46:13.552";"TvOn";"2015-03-16";"365";"0";"1";"SmartPlug"
"2015-03-16 23:53:14.211";"10136";"2015-03-16 23:52:31.333";"TvOn";"2015-03-16";"42";"0";"1";"SmartPlug"
"2015-03-17 00:08:30.056";"10136";"2015-03-16 23:53:36.624";"TvOn";"2015-03-16";"893";"0";"1";"SmartPlug"
"2015-03-17 00:13:23.160";"10136";"2015-03-17 00:08:42.559";"TvOn";"2015-03-17";"280";"0";"1";"SmartPlug"
"2015-03-17 00:21:03.904";"10136";"2015-03-17 00:13:55.642";"TvOn";"2015-03-17";"428";"0";"1";"SmartPlug"
"2015-03-17 09:29:19.077";"10136";"2015-03-17 09:27:08.349";"BoilerOn";"2015-03-17";"130";"0";"1";"SmartPlug"
"2015-03-17 09:30:21.914";"10136";"2015-03-17 09:29:41.643";"BoilerOn";"2015-03-17";"40";"0";"1";"SmartPlug"
"2015-03-17 09:31:24.816";"10136";"2015-03-17 09:30:54.906";"BoilerOn";"2015-03-17";"29";"0";"1";"SmartPlug"
"2015-03-17 09:32:58.504";"10136";"2015-03-17 09:32:28.283";"BoilerOn";"2015-03-17";"30";"0";"1";"SmartPlug"
"2015-03-17 09:34:32.592";"10136";"2015-03-17 09:34:11.790";"BoilerOn";"2015-03-17";"20";"0";"1";"SmartPlug"
"2015-03-21 15:50:28.575";"10136";"2015-03-21 15:45:13.252";"CookerOn";"2015-03-21";"315";"0";"1";"SmartPlug"
"2015-03-21 19:40:13.789";"10136";"2015-03-21 16:42:56.832";"TvOn";"2015-03-21";"10636";"0";"1";"SmartPlug"
"2015-03-21 20:14:43.281";"10136";"2015-03-21 19:40:35.556";"TvOn";"2015-03-21";"2047";"0";"1";"SmartPlug"
"2015-03-21 20:19:34.275";"10136";"2015-03-21 20:14:57.279";"TvOn";"2015-03-21";"276";"0";"1";"SmartPlug"
"2015-03-21 20:35:32.561";"10136";"2015-03-21 20:19:52.703";"TvOn";"2015-03-21";"939";"0";"1";"SmartPlug"
"2015-03-21 20:38:30.707";"10136";"2015-03-21 20:38:13.878";"TvOn";"2015-03-21";"16";"0";"1";"SmartPlug"
"2015-03-21 20:39:10.068";"10136";"2015-03-21 20:38:59.996";"TvOn";"2015-03-21";"10";"0";"1";"SmartPlug"
"2015-03-21 20:42:59.703";"10136";"2015-03-21 20:39:29.561";"TvOn";"2015-03-21";"210";"0";"1";"SmartPlug"
"2015-03-21 20:51:45.698";"10136";"2015-03-21 20:46:20.181";"TvOn";"2015-03-21";"325";"0";"1";"SmartPlug"
"2015-03-21 21:49:22.296";"10136";"2015-03-21 21:45:52.516";"CookerOn";"2015-03-21";"209";"0";"1";"SmartPlug"
"2015-03-21 21:59:46.299";"10136";"2015-03-21 21:59:16.533";"TvOn";"2015-03-21";"29";"0";"1";"SmartPlug"
"2015-03-21 22:00:41.964";"10136";"2015-03-21 22:00:15.775";"TvOn";"2015-03-21";"26";"0";"1";"SmartPlug"
"2015-03-21 22:03:31.961";"10136";"2015-03-21 22:01:25.779";"TvOn";"2015-03-21";"126";"0";"1";"SmartPlug"
"2015-03-21 22:11:41.271";"10136";"2015-03-21 22:03:47.869";"TvOn";"2015-03-21";"473";"0";"1";"SmartPlug"
"2015-03-22 00:21:55.720";"10136";"2015-03-22 00:14:33.559";"TvOn";"2015-03-22";"442";"0";"1";"SmartPlug"
"2015-03-22 00:25:07.546";"10136";"2015-03-22 00:22:15.156";"TvOn";"2015-03-22";"172";"0";"1";"SmartPlug"
"2015-03-22 11:12:12.252";"10136";"2015-03-22 11:10:01.292";"BoilerOn";"2015-03-22";"130";"0";"1";"SmartPlug"
"2015-03-22 11:13:09.867";"10136";"2015-03-22 11:12:25.565";"BoilerOn";"2015-03-22";"44";"0";"1";"SmartPlug"
"2015-03-22 11:14:18.216";"10136";"2015-03-22 11:13:51.391";"BoilerOn";"2015-03-22";"26";"0";"1";"SmartPlug"
"2015-03-22 11:15:50.219";"10136";"2015-03-22 11:15:28.370";"BoilerOn";"2015-03-22";"21";"0";"1";"SmartPlug"
"2015-03-22 11:18:02.237";"10136";"2015-03-22 11:17:29.717";"BoilerOn";"2015-03-22";"32";"0";"1";"SmartPlug"
"2015-03-22 14:14:00.544";"10136";"2015-03-22 14:05:03.892";"TvOn";"2015-03-22";"536";"0";"1";"SmartPlug"
"2015-03-22 14:38:50.326";"10136";"2015-03-22 14:14:19.603";"TvOn";"2015-03-22";"1470";"0";"1";"SmartPlug"
"2015-03-22 14:42:19.140";"10136";"2015-03-22 14:39:03.310";"TvOn";"2015-03-22";"195";"0";"1";"SmartPlug"
"2015-03-22 16:02:34.150";"10136";"2015-03-22 15:55:52.061";"TvOn";"2015-03-22";"402";"0";"1";"SmartPlug"
"2015-03-22 16:14:05.982";"10136";"2015-03-22 16:02:54.253";"TvOn";"2015-03-22";"671";"0";"1";"SmartPlug"
"2015-03-22 16:29:53.750";"10136";"2015-03-22 16:14:19.638";"TvOn";"2015-03-22";"934";"0";"1";"SmartPlug"
"2015-03-22 17:40:49.189";"10136";"2015-03-22 17:08:27.393";"TvOn";"2015-03-22";"1941";"0";"1";"SmartPlug"
"2015-03-22 21:42:51.641";"10136";"2015-03-22 21:36:02.406";"CookerOn";"2015-03-22";"409";"0";"1";"SmartPlug"
"2015-03-22 22:33:13.134";"10136";"2015-03-22 22:24:02.289";"TvOn";"2015-03-22";"550";"0";"1";"SmartPlug"
"2015-03-22 22:39:16.817";"10136";"2015-03-22 22:35:40.166";"TvOn";"2015-03-22";"216";"0";"1";"SmartPlug"
"2015-03-22 22:39:55.715";"10136";"2015-03-22 22:39:36.597";"TvOn";"2015-03-22";"19";"0";"1";"SmartPlug"
"2015-03-22 22:57:46.413";"10136";"2015-03-22 22:40:14.864";"TvOn";"2015-03-22";"1051";"0";"1";"SmartPlug"
"2015-03-23 00:18:19.849";"10136";"2015-03-22 23:26:13.373";"TvOn";"2015-03-22";"3126";"0";"1";"SmartPlug"
"2015-03-23 10:07:16.004";"10136";"2015-03-23 10:04:56.998";"BoilerOn";"2015-03-23";"139";"0";"1";"SmartPlug"
"2015-03-23 10:08:14.048";"10136";"2015-03-23 10:07:40.523";"BoilerOn";"2015-03-23";"33";"0";"1";"SmartPlug"
"2015-03-23 10:09:27.601";"10136";"2015-03-23 10:08:55.717";"BoilerOn";"2015-03-23";"31";"0";"1";"SmartPlug"
"2015-03-23 10:10:57.019";"10136";"2015-03-23 10:10:25.180";"BoilerOn";"2015-03-23";"31";"0";"1";"SmartPlug"
"2015-03-23 10:12:26.914";"10136";"2015-03-23 10:12:10.960";"BoilerOn";"2015-03-23";"15";"0";"1";"SmartPlug"
"2015-03-23 15:12:59.368";"10136";"2015-03-23 15:05:23.859";"CookerOn";"2015-03-23";"455";"0";"1";"SmartPlug"
"2015-03-23 22:39:30.753";"10136";"2015-03-23 22:37:19.090";"CookerOn";"2015-03-23";"131";"0";"1";"SmartPlug"
"2015-03-24 00:02:32.820";"10136";"2015-03-24 00:01:41.591";"TvOn";"2015-03-24";"51";"0";"1";"SmartPlug"
"2015-03-24 00:06:04.418";"10136";"2015-03-24 00:02:46.066";"TvOn";"2015-03-24";"198";"0";"1";"SmartPlug"
"2015-03-24 00:13:47.177";"10136";"2015-03-24 00:06:23.585";"TvOn";"2015-03-24";"443";"0";"1";"SmartPlug"
"2015-03-24 00:49:48.812";"10136";"2015-03-24 00:14:18.289";"TvOn";"2015-03-24";"2130";"0";"1";"SmartPlug"
"2015-03-24 00:53:58.016";"10136";"2015-03-24 00:50:07.938";"TvOn";"2015-03-24";"230";"0";"1";"SmartPlug"
"2015-03-24 09:58:12.202";"10136";"2015-03-24 09:56:02.854";"BoilerOn";"2015-03-24";"129";"0";"1";"SmartPlug"
"2015-03-24 09:59:15.511";"10136";"2015-03-24 09:58:36.308";"BoilerOn";"2015-03-24";"39";"0";"1";"SmartPlug"
"2015-03-24 10:00:53.604";"10136";"2015-03-24 09:59:57.646";"BoilerOn";"2015-03-24";"55";"0";"1";"SmartPlug"
"2015-03-24 10:03:13.192";"10136";"2015-03-24 10:02:57.236";"BoilerOn";"2015-03-24";"15";"0";"1";"SmartPlug"
"2015-03-24 10:05:40.819";"10136";"2015-03-24 10:05:19.762";"BoilerOn";"2015-03-24";"21";"0";"1";"SmartPlug"
"2015-03-24 12:52:54.448";"10136";"2015-03-24 10:21:40.090";"TvOn";"2015-03-24";"9074";"0";"1";"SmartPlug"
"2015-03-24 15:37:13.161";"10136";"2015-03-24 15:26:28.480";"CookerOn";"2015-03-24";"644";"0";"1";"SmartPlug"
"2015-03-24 15:39:15.837";"10136";"2015-03-24 15:37:27.084";"CookerOn";"2015-03-24";"108";"0";"1";"SmartPlug"
"2015-03-24 15:41:17.505";"10136";"2015-03-24 15:39:56.164";"CookerOn";"2015-03-24";"81";"0";"1";"SmartPlug"
"2015-03-24 15:42:30.126";"10136";"2015-03-24 15:41:41.568";"CookerOn";"2015-03-24";"48";"0";"1";"SmartPlug"
"2015-03-24 15:47:54.725";"10136";"2015-03-24 15:45:00.493";"CookerOn";"2015-03-24";"174";"0";"1";"SmartPlug"
"2015-03-24 15:49:39.939";"10136";"2015-03-24 15:48:23.980";"CookerOn";"2015-03-24";"75";"0";"1";"SmartPlug"
"2015-03-24 15:50:39.360";"10136";"2015-03-24 15:50:11.558";"CookerOn";"2015-03-24";"27";"0";"1";"SmartPlug"
"2015-03-24 19:27:27.703";"10136";"2015-03-24 17:59:43.494";"TvOn";"2015-03-24";"5264";"0";"1";"SmartPlug"
"2015-03-24 19:28:53.514";"10136";"2015-03-24 19:27:48.182";"TvOn";"2015-03-24";"65";"0";"1";"SmartPlug"
"2015-03-24 19:39:59.906";"10136";"2015-03-24 19:29:12.714";"TvOn";"2015-03-24";"647";"0";"1";"SmartPlug"
"2015-03-24 23:23:33.362";"10136";"2015-03-24 23:18:27.986";"CookerOn";"2015-03-24";"305";"0";"1";"SmartPlug"
"2015-03-24 23:23:39.032";"10136";"2015-03-24 23:22:43.857";"TvOn";"2015-03-24";"55";"0";"1";"SmartPlug"
"2015-03-24 23:25:33.754";"10136";"2015-03-24 23:23:49.933";"CookerOn";"2015-03-24";"103";"0";"1";"SmartPlug"
"2015-03-24 23:28:05.309";"10136";"2015-03-24 23:25:47.599";"CookerOn";"2015-03-24";"137";"0";"1";"SmartPlug"
"2015-03-24 23:31:11.510";"10136";"2015-03-24 23:29:17.869";"CookerOn";"2015-03-24";"113";"0";"1";"SmartPlug"
"2015-03-24 23:40:16.043";"10136";"2015-03-24 23:23:52.444";"TvOn";"2015-03-24";"983";"0";"1";"SmartPlug"
"2015-03-24 23:44:52.626";"10136";"2015-03-24 23:40:59.259";"CookerOn";"2015-03-24";"233";"0";"1";"SmartPlug"
"2015-03-24 23:52:57.028";"10136";"2015-03-24 23:41:32.402";"TvOn";"2015-03-24";"684";"0";"1";"SmartPlug"
"2015-03-25 00:26:11.528";"10136";"2015-03-24 23:53:22.888";"TvOn";"2015-03-24";"1968";"0";"1";"SmartPlug"
"2015-03-25 10:55:40.773";"10136";"2015-03-25 10:53:25.139";"BoilerOn";"2015-03-25";"135";"0";"1";"SmartPlug"
"2015-03-25 10:56:41.057";"10136";"2015-03-25 10:56:08.883";"BoilerOn";"2015-03-25";"32";"0";"1";"SmartPlug"
"2015-03-25 10:57:59.670";"10136";"2015-03-25 10:57:23.082";"BoilerOn";"2015-03-25";"36";"0";"1";"SmartPlug"
"2015-03-25 10:59:36.065";"10136";"2015-03-25 10:58:59.777";"BoilerOn";"2015-03-25";"36";"0";"1";"SmartPlug"
"2015-03-25 11:01:29.845";"10136";"2015-03-25 11:01:11.840";"BoilerOn";"2015-03-25";"18";"0";"1";"SmartPlug"
"2015-03-25 12:03:30.582";"10136";"2015-03-25 11:55:10.417";"TvOn";"2015-03-25";"500";"0";"1";"SmartPlug"
"2015-03-25 13:21:29.651";"10136";"2015-03-25 12:03:50.835";"TvOn";"2015-03-25";"4658";"0";"1";"SmartPlug"
"2015-03-25 13:22:05.285";"10136";"2015-03-25 13:21:53.303";"TvOn";"2015-03-25";"11";"0";"1";"SmartPlug"
"2015-03-31 19:09:25.383";"10136";"2015-03-31 19:06:53.561";"BoilerOn";"2015-03-31";"151";"0";"1";"SmartPlug"
"2015-03-31 19:10:29.118";"10136";"2015-03-31 19:09:55.359";"BoilerOn";"2015-03-31";"33";"0";"1";"SmartPlug"
"2015-03-31 19:11:53.793";"10136";"2015-03-31 19:11:18.719";"BoilerOn";"2015-03-31";"35";"0";"1";"SmartPlug"
"2015-03-31 19:13:27.453";"10136";"2015-03-31 19:13:05.188";"BoilerOn";"2015-03-31";"22";"0";"1";"SmartPlug"
"2015-03-31 19:20:53.709";"10136";"2015-03-31 18:36:28.180";"TvOn";"2015-03-31";"2665";"0";"1";"SmartPlug"
"2015-03-31 19:26:16.223";"10136";"2015-03-31 19:21:10.971";"TvOn";"2015-03-31";"305";"0";"1";"SmartPlug"
"2015-03-31 19:38:37.755";"10136";"2015-03-31 19:26:29.469";"TvOn";"2015-03-31";"728";"0";"1";"SmartPlug"
"2015-03-31 22:08:19.399";"10136";"2015-03-31 22:03:28.704";"CookerOn";"2015-03-31";"290";"0";"1";"SmartPlug"
"2015-03-31 22:25:25.402";"10136";"2015-03-31 22:24:27.115";"TvOn";"2015-03-31";"58";"0";"1";"SmartPlug"
"2015-03-31 22:37:56.032";"10136";"2015-03-31 22:25:38.694";"TvOn";"2015-03-31";"737";"0";"1";"SmartPlug"
"2015-03-31 22:43:23.307";"10136";"2015-03-31 22:38:09.568";"TvOn";"2015-03-31";"313";"0";"1";"SmartPlug"
"2015-03-31 22:49:00.683";"10136";"2015-03-31 22:43:36.796";"TvOn";"2015-03-31";"323";"0";"1";"SmartPlug"
"2015-03-31 23:02:02.323";"10136";"2015-03-31 22:49:14.097";"TvOn";"2015-03-31";"768";"0";"1";"SmartPlug"
"2015-03-31 23:03:42.934";"10136";"2015-03-31 23:02:15.846";"TvOn";"2015-03-31";"87";"0";"1";"SmartPlug"
"2015-03-31 23:08:21.815";"10136";"2015-03-31 23:03:56.158";"TvOn";"2015-03-31";"265";"0";"1";"SmartPlug"
"2015-03-31 23:09:18.793";"10136";"2015-03-31 23:08:35.072";"TvOn";"2015-03-31";"43";"0";"1";"SmartPlug"
"2015-03-31 23:09:42.886";"10136";"2015-03-31 23:09:32.070";"TvOn";"2015-03-31";"10";"0";"1";"SmartPlug"
"2015-04-01 00:24:42.032";"10136";"2015-03-31 23:09:56.424";"TvOn";"2015-03-31";"4485";"0";"1";"SmartPlug"
"2015-04-01 00:32:18.936";"10136";"2015-04-01 00:30:11.839";"BoilerOn";"2015-04-01";"127";"0";"1";"SmartPlug"
"2015-04-01 00:33:28.059";"10136";"2015-04-01 00:32:55.176";"BoilerOn";"2015-04-01";"32";"0";"1";"SmartPlug"
"2015-04-01 00:34:53.659";"10136";"2015-04-01 00:34:15.979";"BoilerOn";"2015-04-01";"37";"0";"1";"SmartPlug"
"2015-04-01 00:36:39.363";"10136";"2015-04-01 00:36:05.484";"BoilerOn";"2015-04-01";"33";"0";"1";"SmartPlug"
"2015-04-01 09:35:29.266";"10136";"2015-04-01 09:33:17.315";"BoilerOn";"2015-04-01";"131";"0";"1";"SmartPlug"
"2015-04-01 09:36:36.862";"10136";"2015-04-01 09:36:04.277";"BoilerOn";"2015-04-01";"32";"0";"1";"SmartPlug"
"2015-04-01 09:37:58.802";"10136";"2015-04-01 09:37:26.374";"BoilerOn";"2015-04-01";"32";"0";"1";"SmartPlug"
"2015-04-01 09:39:49.609";"10136";"2015-04-01 09:39:27.853";"BoilerOn";"2015-04-01";"21";"0";"1";"SmartPlug"
"2015-04-01 22:03:54.757";"10136";"2015-04-01 21:59:54.656";"CookerOn";"2015-04-01";"240";"0";"1";"SmartPlug"
"2015-04-01 22:06:34.677";"10136";"2015-04-01 22:04:08.043";"CookerOn";"2015-04-01";"146";"0";"1";"SmartPlug"
"2015-04-01 23:28:09.670";"10136";"2015-04-01 23:25:56.865";"BoilerOn";"2015-04-01";"132";"0";"1";"SmartPlug"
"2015-04-01 23:29:06.637";"10136";"2015-04-01 23:28:45.082";"BoilerOn";"2015-04-01";"21";"0";"1";"SmartPlug"
"2015-04-01 23:30:27.713";"10136";"2015-04-01 23:29:53.022";"BoilerOn";"2015-04-01";"34";"0";"1";"SmartPlug"
"2015-04-01 23:32:11.663";"10136";"2015-04-01 23:31:27.232";"BoilerOn";"2015-04-01";"44";"0";"1";"SmartPlug"
"2015-04-01 23:33:22.232";"10136";"2015-04-01 23:32:47.275";"BoilerOn";"2015-04-01";"34";"0";"1";"SmartPlug"
"2015-04-01 23:34:33.334";"10136";"2015-04-01 23:34:09.837";"BoilerOn";"2015-04-01";"23";"0";"1";"SmartPlug"
"2015-04-01 23:40:02.216";"10136";"2015-04-01 23:39:18.151";"TvOn";"2015-04-01";"44";"0";"1";"SmartPlug"
"2015-04-02 01:02:57.701";"10136";"2015-04-01 23:40:17.812";"TvOn";"2015-04-01";"4959";"0";"1";"SmartPlug"
"2015-04-02 10:38:05.716";"10136";"2015-04-02 10:36:03.261";"BoilerOn";"2015-04-02";"122";"0";"1";"SmartPlug"
"2015-04-02 10:39:02.579";"10136";"2015-04-02 10:38:30.074";"BoilerOn";"2015-04-02";"32";"0";"1";"SmartPlug"
"2015-04-02 10:40:15.060";"10136";"2015-04-02 10:39:39.995";"BoilerOn";"2015-04-02";"35";"0";"1";"SmartPlug"
"2015-04-02 10:41:34.011";"10136";"2015-04-02 10:41:11.940";"BoilerOn";"2015-04-02";"22";"0";"1";"SmartPlug"
"2015-04-02 10:43:26.360";"10136";"2015-04-02 10:42:53.837";"BoilerOn";"2015-04-02";"32";"0";"1";"SmartPlug"
"2015-04-02 16:33:49.594";"10136";"2015-04-02 16:31:49.203";"BoilerOn";"2015-04-02";"120";"0";"1";"SmartPlug"
"2015-04-02 16:35:02.227";"10136";"2015-04-02 16:34:26.028";"BoilerOn";"2015-04-02";"36";"0";"1";"SmartPlug"
"2015-04-02 16:35:50.518";"10136";"2015-04-02 16:35:37.760";"BoilerOn";"2015-04-02";"12";"0";"1";"SmartPlug"
"2015-04-02 16:36:27.606";"10136";"2015-04-02 16:36:05.995";"BoilerOn";"2015-04-02";"21";"0";"1";"SmartPlug"
"2015-04-02 16:37:27.169";"10136";"2015-04-02 16:37:05.504";"BoilerOn";"2015-04-02";"21";"0";"1";"SmartPlug"
"2015-04-02 16:39:00.359";"10136";"2015-04-02 16:38:26.467";"BoilerOn";"2015-04-02";"33";"0";"1";"SmartPlug"
"2015-04-02 16:40:43.022";"10136";"2015-04-02 16:40:20.812";"BoilerOn";"2015-04-02";"22";"0";"1";"SmartPlug"
"2015-04-02 21:22:24.235";"10136";"2015-04-02 21:16:48.742";"CookerOn";"2015-04-02";"335";"0";"1";"SmartPlug"
"2015-04-02 21:24:32.283";"10136";"2015-04-02 21:22:50.458";"CookerOn";"2015-04-02";"101";"0";"1";"SmartPlug"
"2015-04-02 22:17:52.653";"10136";"2015-04-02 21:39:03.411";"TvOn";"2015-04-02";"2329";"0";"1";"SmartPlug"
"2015-04-02 22:18:41.129";"10136";"2015-04-02 22:18:06.494";"TvOn";"2015-04-02";"34";"0";"1";"SmartPlug"
"2015-04-02 22:19:05.331";"10136";"2015-04-02 22:18:54.360";"TvOn";"2015-04-02";"10";"0";"1";"SmartPlug"
"2015-04-02 23:04:09.271";"10136";"2015-04-02 22:19:18.511";"TvOn";"2015-04-02";"2690";"0";"1";"SmartPlug"
"2015-04-02 23:17:54.663";"10136";"2015-04-02 23:04:23.161";"TvOn";"2015-04-02";"811";"0";"1";"SmartPlug"
"2015-04-02 23:48:30.825";"10136";"2015-04-02 23:18:08.365";"TvOn";"2015-04-02";"1822";"0";"1";"SmartPlug"
"2015-04-02 23:51:21.183";"10136";"2015-04-02 23:48:44.881";"TvOn";"2015-04-02";"156";"0";"1";"SmartPlug"
"2015-04-02 23:59:42.220";"10136";"2015-04-02 23:51:37.537";"TvOn";"2015-04-02";"484";"0";"1";"SmartPlug"
"2015-04-03 00:22:07.087";"10136";"2015-04-02 23:59:55.500";"TvOn";"2015-04-02";"1331";"0";"1";"SmartPlug"
"2015-04-03 00:51:37.606";"10136";"2015-04-03 00:22:20.477";"TvOn";"2015-04-03";"1757";"0";"1";"SmartPlug"
"2015-04-03 01:26:38.869";"10136";"2015-04-03 00:52:23.913";"TvOn";"2015-04-03";"2054";"0";"1";"SmartPlug"
"2015-04-03 09:20:32.361";"10136";"2015-04-03 09:18:21.373";"BoilerOn";"2015-04-03";"130";"0";"1";"SmartPlug"
"2015-04-03 09:21:32.036";"10136";"2015-04-03 09:21:08.306";"BoilerOn";"2015-04-03";"23";"0";"1";"SmartPlug"
"2015-04-03 09:22:43.349";"10136";"2015-04-03 09:22:20.606";"BoilerOn";"2015-04-03";"22";"0";"1";"SmartPlug"
"2015-04-03 09:24:09.193";"10136";"2015-04-03 09:23:44.820";"BoilerOn";"2015-04-03";"24";"0";"1";"SmartPlug"
"2015-04-03 09:26:26.960";"10136";"2015-04-03 09:25:54.144";"BoilerOn";"2015-04-03";"32";"0";"1";"SmartPlug"
"2015-04-03 10:23:00.082";"10136";"2015-04-03 10:22:36.896";"TvOn";"2015-04-03";"23";"0";"1";"SmartPlug"
"2015-04-03 10:28:08.839";"10136";"2015-04-03 10:23:13.507";"TvOn";"2015-04-03";"295";"0";"1";"SmartPlug"
"2015-04-03 10:30:23.897";"10136";"2015-04-03 10:28:22.119";"TvOn";"2015-04-03";"121";"0";"1";"SmartPlug"
"2015-04-03 10:30:48.138";"10136";"2015-04-03 10:30:37.233";"TvOn";"2015-04-03";"10";"0";"1";"SmartPlug"
"2015-04-03 11:00:11.390";"10136";"2015-04-03 10:31:01.425";"TvOn";"2015-04-03";"1749";"0";"1";"SmartPlug"
"2015-04-03 11:17:06.579";"10136";"2015-04-03 11:00:25.347";"TvOn";"2015-04-03";"1001";"0";"1";"SmartPlug"
"2015-04-03 11:32:02.876";"10136";"2015-04-03 11:17:19.870";"TvOn";"2015-04-03";"883";"0";"1";"SmartPlug"
"2015-04-03 11:44:10.615";"10136";"2015-04-03 11:32:18.020";"TvOn";"2015-04-03";"712";"0";"1";"SmartPlug"
"2015-04-03 21:28:21.693";"10136";"2015-04-03 21:26:18.568";"BoilerOn";"2015-04-03";"123";"0";"1";"SmartPlug"
"2015-04-03 21:29:29.199";"10136";"2015-04-03 21:28:56.905";"BoilerOn";"2015-04-03";"32";"0";"1";"SmartPlug"
"2015-04-03 21:30:39.847";"10136";"2015-04-03 21:23:46.386";"CookerOn";"2015-04-03";"413";"0";"1";"SmartPlug"
"2015-04-03 21:31:13.102";"10136";"2015-04-03 21:30:37.395";"BoilerOn";"2015-04-03";"35";"0";"1";"SmartPlug"
"2015-04-03 21:33:32.213";"10136";"2015-04-03 20:14:46.091";"TvOn";"2015-04-03";"4726";"0";"1";"SmartPlug"
"2015-04-03 21:58:23.796";"10136";"2015-04-03 21:33:48.188";"TvOn";"2015-04-03";"1475";"0";"1";"SmartPlug"
"2015-04-03 22:03:11.527";"10136";"2015-04-03 21:58:38.061";"TvOn";"2015-04-03";"273";"0";"1";"SmartPlug"
"2015-04-03 22:08:25.597";"10136";"2015-04-03 22:03:25.594";"TvOn";"2015-04-03";"300";"0";"1";"SmartPlug"
"2015-04-03 23:06:14.569";"10136";"2015-04-03 23:04:00.054";"BoilerOn";"2015-04-03";"134";"0";"1";"SmartPlug"
"2015-04-03 23:07:13.012";"10136";"2015-04-03 23:06:39.219";"BoilerOn";"2015-04-03";"33";"0";"1";"SmartPlug"
"2015-04-03 23:07:48.424";"10136";"2015-04-03 23:07:37.541";"BoilerOn";"2015-04-03";"10";"0";"1";"SmartPlug"
"2015-04-03 23:08:45.114";"10136";"2015-04-03 23:08:12.519";"BoilerOn";"2015-04-03";"32";"0";"1";"SmartPlug"
"2015-04-03 23:09:45.021";"10136";"2015-04-03 23:09:22.722";"BoilerOn";"2015-04-03";"22";"0";"1";"SmartPlug"
"2015-04-03 23:11:06.629";"10136";"2015-04-03 23:10:33.945";"BoilerOn";"2015-04-03";"32";"0";"1";"SmartPlug"
"2015-04-04 00:26:13.836";"10136";"2015-04-04 00:03:05.072";"TvOn";"2015-04-04";"1388";"0";"1";"SmartPlug"
"2015-04-04 00:47:28.765";"10136";"2015-04-04 00:27:32.603";"TvOn";"2015-04-04";"1196";"0";"1";"SmartPlug"
"2015-04-04 00:48:52.235";"10136";"2015-04-04 00:47:44.394";"TvOn";"2015-04-04";"67";"0";"1";"SmartPlug"
"2015-04-04 10:38:34.505";"10136";"2015-04-04 10:36:23.330";"BoilerOn";"2015-04-04";"131";"0";"1";"SmartPlug"
"2015-04-04 10:39:31.816";"10136";"2015-04-04 10:38:58.578";"BoilerOn";"2015-04-04";"33";"0";"1";"SmartPlug"
"2015-04-04 10:40:41.819";"10136";"2015-04-04 10:40:19.453";"BoilerOn";"2015-04-04";"22";"0";"1";"SmartPlug"
"2015-04-04 10:42:15.696";"10136";"2015-04-04 10:41:42.781";"BoilerOn";"2015-04-04";"32";"0";"1";"SmartPlug"
"2015-04-04 10:44:20.381";"10136";"2015-04-04 10:43:58.371";"BoilerOn";"2015-04-04";"22";"0";"1";"SmartPlug"
"2015-04-04 12:13:33.236";"10136";"2015-04-04 12:11:53.418";"BoilerOn";"2015-04-04";"99";"0";"1";"SmartPlug"
"2015-04-04 12:14:43.265";"10136";"2015-04-04 12:14:09.831";"BoilerOn";"2015-04-04";"33";"0";"1";"SmartPlug"
"2015-04-04 12:16:33.783";"10136";"2015-04-04 12:16:01.312";"BoilerOn";"2015-04-04";"32";"0";"1";"SmartPlug"
"2015-04-04 15:16:56.793";"10136";"2015-04-04 15:08:25.593";"CookerOn";"2015-04-04";"511";"0";"1";"SmartPlug"
"2015-04-04 15:41:42.957";"10136";"2015-04-04 12:52:05.489";"TvOn";"2015-04-04";"10177";"0";"1";"SmartPlug"
"2015-04-04 19:20:44.001";"10136";"2015-04-04 15:41:57.218";"TvOn";"2015-04-04";"13126";"0";"1";"SmartPlug"
"2015-04-04 19:28:40.261";"10136";"2015-04-04 19:20:57.525";"TvOn";"2015-04-04";"462";"0";"1";"SmartPlug"
"2015-04-04 20:08:30.764";"10136";"2015-04-04 19:29:04.656";"TvOn";"2015-04-04";"2366";"0";"1";"SmartPlug"
"2015-04-04 20:31:16.383";"10136";"2015-04-04 20:08:44.365";"TvOn";"2015-04-04";"1352";"0";"1";"SmartPlug"
"2015-04-04 20:41:16.392";"10136";"2015-04-04 20:31:31.704";"TvOn";"2015-04-04";"584";"0";"1";"SmartPlug"
"2015-04-04 20:43:30.274";"10136";"2015-04-04 20:41:30.534";"TvOn";"2015-04-04";"119";"0";"1";"SmartPlug"
"2015-04-04 20:44:49.010";"10136";"2015-04-04 20:43:54.537";"TvOn";"2015-04-04";"54";"0";"1";"SmartPlug"
"2015-04-04 20:48:40.904";"10136";"2015-04-04 20:45:02.588";"TvOn";"2015-04-04";"218";"0";"1";"SmartPlug"
"2015-04-04 20:50:11.322";"10136";"2015-04-04 20:48:54.539";"TvOn";"2015-04-04";"76";"0";"1";"SmartPlug"
"2015-04-04 20:57:22.286";"10136";"2015-04-04 20:50:25.397";"TvOn";"2015-04-04";"416";"0";"1";"SmartPlug"
"2015-04-04 21:15:39.005";"10136";"2015-04-04 21:10:43.361";"CookerOn";"2015-04-04";"295";"0";"1";"SmartPlug"
"2015-04-04 21:45:51.483";"10136";"2015-04-04 20:58:08.728";"TvOn";"2015-04-04";"2862";"0";"1";"SmartPlug"
"2015-04-04 22:23:37.338";"10136";"2015-04-04 21:46:05.192";"TvOn";"2015-04-04";"2252";"0";"1";"SmartPlug"
"2015-04-04 22:26:34.714";"10136";"2015-04-04 22:23:50.862";"TvOn";"2015-04-04";"163";"0";"1";"SmartPlug"
"2015-04-04 23:13:31.145";"10136";"2015-04-04 22:26:48.266";"TvOn";"2015-04-04";"2802";"0";"1";"SmartPlug"
"2015-04-04 23:19:16.028";"10136";"2015-04-04 23:13:45.800";"TvOn";"2015-04-04";"330";"0";"1";"SmartPlug"
"2015-04-07 12:09:05.361";"10136";"2015-04-07 11:29:59.442";"TvOn";"2015-04-07";"2345";"0";"1";"SmartPlug"
"2015-04-07 17:43:37.754";"10136";"2015-04-07 17:41:01.472";"BoilerOn";"2015-04-07";"156";"0";"1";"SmartPlug"
"2015-04-07 17:44:50.087";"10136";"2015-04-07 17:44:16.804";"BoilerOn";"2015-04-07";"33";"0";"1";"SmartPlug"
"2015-04-07 17:46:15.387";"10136";"2015-04-07 17:45:53.732";"BoilerOn";"2015-04-07";"21";"0";"1";"SmartPlug"
"2015-04-07 19:49:40.569";"10136";"2015-04-07 18:58:27.027";"TvOn";"2015-04-07";"3073";"0";"1";"SmartPlug"
"2015-04-07 20:02:04.250";"10136";"2015-04-07 19:59:15.542";"TvOn";"2015-04-07";"168";"0";"1";"SmartPlug"
"2015-04-07 20:25:48.101";"10136";"2015-04-07 20:02:18.044";"TvOn";"2015-04-07";"1410";"0";"1";"SmartPlug"
"2015-04-07 20:31:32.648";"10136";"2015-04-07 20:27:01.267";"TvOn";"2015-04-07";"271";"0";"1";"SmartPlug"
"2015-04-07 20:34:39.970";"10136";"2015-04-07 20:31:46.460";"TvOn";"2015-04-07";"173";"0";"1";"SmartPlug"
"2015-04-07 20:43:01.540";"10136";"2015-04-07 20:34:53.560";"TvOn";"2015-04-07";"487";"0";"1";"SmartPlug"
"2015-04-07 20:48:14.776";"10136";"2015-04-07 20:48:03.984";"BoilerOn";"2015-04-07";"10";"0";"1";"SmartPlug"
"2015-04-07 21:29:41.212";"10136";"2015-04-07 20:43:19.390";"TvOn";"2015-04-07";"2781";"0";"1";"SmartPlug"
"2015-04-07 21:38:34.501";"10136";"2015-04-07 21:29:55.223";"TvOn";"2015-04-07";"519";"0";"1";"SmartPlug"
"2015-04-07 21:42:54.821";"10136";"2015-04-07 21:38:49.124";"TvOn";"2015-04-07";"245";"0";"1";"SmartPlug"
"2015-04-07 21:45:12.708";"10136";"2015-04-07 21:43:09.221";"TvOn";"2015-04-07";"123";"0";"1";"SmartPlug"
"2015-04-07 22:17:28.529";"10136";"2015-04-07 21:45:26.542";"TvOn";"2015-04-07";"1921";"0";"1";"SmartPlug"
"2015-04-07 23:59:53.956";"10136";"2015-04-07 22:17:42.207";"TvOn";"2015-04-07";"6131";"0";"1";"SmartPlug"
"2015-04-08 00:01:58.397";"10136";"2015-04-08 00:00:07.885";"TvOn";"2015-04-08";"110";"0";"1";"SmartPlug"
"2015-04-08 00:03:02.587";"10136";"2015-04-08 00:02:14.551";"TvOn";"2015-04-08";"48";"0";"1";"SmartPlug"
"2015-04-08 00:29:19.487";"10136";"2015-04-08 00:03:16.232";"TvOn";"2015-04-08";"1563";"0";"1";"SmartPlug"
"2015-04-08 00:46:59.162";"10136";"2015-04-08 00:29:33.220";"TvOn";"2015-04-08";"1045";"0";"1";"SmartPlug"
"2015-04-08 09:57:31.866";"10136";"2015-04-08 09:55:08.274";"BoilerOn";"2015-04-08";"143";"0";"1";"SmartPlug"
"2015-04-08 09:58:53.018";"10136";"2015-04-08 09:58:19.069";"BoilerOn";"2015-04-08";"33";"0";"1";"SmartPlug"
"2015-04-08 10:42:21.640";"10136";"2015-04-08 10:38:08.450";"TvOn";"2015-04-08";"253";"0";"1";"SmartPlug"
"2015-04-08 13:07:05.557";"10136";"2015-04-08 13:04:40.056";"BoilerOn";"2015-04-08";"145";"0";"1";"SmartPlug"
"2015-04-08 13:08:28.814";"10136";"2015-04-08 13:07:56.109";"BoilerOn";"2015-04-08";"32";"0";"1";"SmartPlug"
"2015-04-08 13:10:08.749";"10136";"2015-04-08 13:09:35.848";"BoilerOn";"2015-04-08";"32";"0";"1";"SmartPlug"
"2015-04-08 13:45:00.125";"10136";"2015-04-08 12:57:34.978";"TvOn";"2015-04-08";"2845";"0";"1";"SmartPlug"
"2015-04-08 13:46:28.777";"10136";"2015-04-08 13:45:13.705";"TvOn";"2015-04-08";"75";"0";"1";"SmartPlug"
"2015-04-08 13:46:53.116";"10136";"2015-04-08 13:46:42.247";"TvOn";"2015-04-08";"10";"0";"1";"SmartPlug"
"2015-04-08 13:48:31.944";"10136";"2015-04-08 13:47:38.548";"TvOn";"2015-04-08";"53";"0";"1";"SmartPlug"
"2015-04-08 14:31:14.547";"10136";"2015-04-08 13:49:50.599";"TvOn";"2015-04-08";"2483";"0";"1";"SmartPlug"
"2015-04-08 15:05:44.944";"10136";"2015-04-08 14:56:50.945";"CookerOn";"2015-04-08";"533";"0";"1";"SmartPlug"
"2015-04-08 15:06:55.113";"10136";"2015-04-08 15:06:09.857";"CookerOn";"2015-04-08";"45";"0";"1";"SmartPlug"
"2015-04-08 15:22:56.631";"10136";"2015-04-08 14:31:28.503";"TvOn";"2015-04-08";"3088";"0";"1";"SmartPlug"
"2015-04-08 16:33:06.231";"10136";"2015-04-08 15:23:32.355";"TvOn";"2015-04-08";"4173";"0";"1";"SmartPlug"
"2015-04-08 16:35:54.018";"10136";"2015-04-08 16:33:21.353";"TvOn";"2015-04-08";"152";"0";"1";"SmartPlug"
"2015-04-08 17:25:42.431";"10136";"2015-04-08 16:36:07.874";"TvOn";"2015-04-08";"2974";"0";"1";"SmartPlug"
"2015-04-08 17:31:27.332";"10136";"2015-04-08 17:25:56.176";"TvOn";"2015-04-08";"331";"0";"1";"SmartPlug"
"2015-04-08 17:51:25.386";"10136";"2015-04-08 17:32:02.633";"TvOn";"2015-04-08";"1162";"0";"1";"SmartPlug"
"2015-04-08 18:08:08.344";"10136";"2015-04-08 17:51:39.548";"TvOn";"2015-04-08";"988";"0";"1";"SmartPlug"
"2015-04-08 18:10:00.284";"10136";"2015-04-08 18:08:22.201";"TvOn";"2015-04-08";"98";"0";"1";"SmartPlug"
"2015-04-08 19:16:30.526";"10136";"2015-04-08 18:56:07.545";"TvOn";"2015-04-08";"1222";"0";"1";"SmartPlug"
"2015-04-08 19:54:11.771";"10136";"2015-04-08 19:16:44.959";"TvOn";"2015-04-08";"2246";"0";"1";"SmartPlug"
"2015-04-08 20:02:16.755";"10136";"2015-04-08 19:54:25.482";"TvOn";"2015-04-08";"471";"0";"1";"SmartPlug"
"2015-04-08 20:03:34.645";"10136";"2015-04-08 20:02:41.096";"TvOn";"2015-04-08";"53";"0";"1";"SmartPlug"
"2015-04-08 20:03:59.476";"10136";"2015-04-08 20:03:48.360";"TvOn";"2015-04-08";"11";"0";"1";"SmartPlug"
"2015-04-08 20:04:24.104";"10136";"2015-04-08 20:04:13.454";"TvOn";"2015-04-08";"10";"0";"1";"SmartPlug"
"2015-04-08 20:51:20.605";"10136";"2015-04-08 20:04:38.105";"TvOn";"2015-04-08";"2802";"0";"1";"SmartPlug"
"2015-04-08 20:57:01.142";"10136";"2015-04-08 20:51:34.905";"TvOn";"2015-04-08";"326";"0";"1";"SmartPlug"
"2015-04-08 22:08:53.278";"10136";"2015-04-08 20:57:15.220";"TvOn";"2015-04-08";"4298";"0";"1";"SmartPlug"
"2015-04-08 22:10:00.962";"10136";"2015-04-08 22:09:07.263";"TvOn";"2015-04-08";"53";"0";"1";"SmartPlug"
"2015-04-08 22:12:24.319";"10136";"2015-04-08 22:10:14.508";"TvOn";"2015-04-08";"129";"0";"1";"SmartPlug"
"2015-04-08 23:41:14.397";"10136";"2015-04-08 22:12:39.794";"TvOn";"2015-04-08";"5314";"0";"1";"SmartPlug"
"2015-04-08 23:55:48.936";"10136";"2015-04-08 23:41:28.586";"TvOn";"2015-04-08";"860";"0";"1";"SmartPlug"
"2015-04-08 23:56:13.251";"10136";"2015-04-08 23:56:02.504";"TvOn";"2015-04-08";"10";"0";"1";"SmartPlug"
"2015-04-08 23:58:26.282";"10136";"2015-04-08 23:56:48.434";"TvOn";"2015-04-08";"97";"0";"1";"SmartPlug"
"2015-04-09 00:21:43.860";"10136";"2015-04-08 23:58:40.405";"TvOn";"2015-04-08";"1383";"0";"1";"SmartPlug"
"2015-04-09 00:29:47.359";"10136";"2015-04-09 00:21:58.045";"TvOn";"2015-04-09";"469";"0";"1";"SmartPlug"
"2015-04-09 00:50:38.029";"10136";"2015-04-09 00:30:01.998";"TvOn";"2015-04-09";"1236";"0";"1";"SmartPlug"
"2015-04-09 00:53:44.947";"10136";"2015-04-09 00:50:51.869";"TvOn";"2015-04-09";"173";"0";"1";"SmartPlug"
"2015-04-09 00:54:20.081";"10136";"2015-04-09 00:53:58.631";"TvOn";"2015-04-09";"21";"0";"1";"SmartPlug"
"2015-04-09 01:01:39.221";"10136";"2015-04-09 00:54:44.177";"TvOn";"2015-04-09";"415";"0";"1";"SmartPlug"
"2015-04-09 01:02:46.521";"10136";"2015-04-09 01:02:13.938";"TvOn";"2015-04-09";"32";"0";"1";"SmartPlug"
"2015-04-09 01:08:26.130";"10136";"2015-04-09 01:03:21.396";"TvOn";"2015-04-09";"304";"0";"1";"SmartPlug"
"2015-04-09 01:20:39.454";"10136";"2015-04-09 01:08:40.238";"TvOn";"2015-04-09";"719";"0";"1";"SmartPlug"
"2015-04-09 01:27:23.220";"10136";"2015-04-09 01:20:53.233";"TvOn";"2015-04-09";"389";"0";"1";"SmartPlug"
"2015-04-09 01:28:21.327";"10136";"2015-04-09 01:27:48.237";"TvOn";"2015-04-09";"33";"0";"1";"SmartPlug"
"2015-04-09 01:30:02.208";"10136";"2015-04-09 01:29:18.863";"TvOn";"2015-04-09";"43";"0";"1";"SmartPlug"
"2015-04-09 09:08:43.993";"10136";"2015-04-09 09:02:34.541";"TvOn";"2015-04-09";"369";"0";"1";"SmartPlug"
"2015-04-09 09:09:52.132";"10136";"2015-04-09 09:08:57.561";"TvOn";"2015-04-09";"54";"0";"1";"SmartPlug"
"2015-04-09 09:27:13.358";"10136";"2015-04-09 09:10:05.589";"TvOn";"2015-04-09";"1027";"0";"1";"SmartPlug"
"2015-04-09 09:34:18.272";"10136";"2015-04-09 09:34:07.381";"WashingMachineOn";"2015-04-09";"10";"0";"1";"SmartPlug"
"2015-04-09 09:34:56.313";"10136";"2015-04-09 09:27:29.724";"TvOn";"2015-04-09";"446";"0";"1";"SmartPlug"
"2015-04-09 09:35:22.548";"10136";"2015-04-09 09:32:55.965";"BoilerOn";"2015-04-09";"146";"0";"1";"SmartPlug"
"2015-04-09 09:36:32.866";"10136";"2015-04-09 09:35:53.061";"BoilerOn";"2015-04-09";"39";"0";"1";"SmartPlug"
"2015-04-09 09:37:21.938";"10136";"2015-04-09 09:35:21.563";"TvOn";"2015-04-09";"120";"0";"1";"SmartPlug"
"2015-04-09 09:38:01.828";"10136";"2015-04-09 09:37:26.604";"BoilerOn";"2015-04-09";"35";"0";"1";"SmartPlug"
"2015-04-09 09:39:44.824";"10136";"2015-04-09 09:39:21.356";"BoilerOn";"2015-04-09";"23";"0";"1";"SmartPlug"
"2015-04-09 10:16:36.343";"10136";"2015-04-09 09:37:36.602";"TvOn";"2015-04-09";"2339";"0";"1";"SmartPlug"
"2015-04-09 11:52:02.574";"10136";"2015-04-09 10:16:50.044";"TvOn";"2015-04-09";"5712";"0";"1";"SmartPlug"
"2015-04-09 12:51:16.948";"10136";"2015-04-09 11:52:17.008";"TvOn";"2015-04-09";"3539";"0";"1";"SmartPlug"
"2015-04-09 14:27:31.861";"10136";"2015-04-09 14:26:34.976";"TvOn";"2015-04-09";"56";"0";"1";"SmartPlug"
"2015-04-09 14:28:08.993";"10136";"2015-04-09 14:27:46.278";"TvOn";"2015-04-09";"22";"0";"1";"SmartPlug"
"2015-04-09 14:30:14.699";"10136";"2015-04-09 14:29:17.625";"TvOn";"2015-04-09";"57";"0";"1";"SmartPlug"
"2015-04-09 14:32:18.829";"10136";"2015-04-09 14:31:56.996";"TvOn";"2015-04-09";"21";"0";"1";"SmartPlug"
"2015-04-09 14:35:11.225";"10136";"2015-04-09 14:34:15.288";"TvOn";"2015-04-09";"55";"0";"1";"SmartPlug"
"2015-04-09 14:36:54.605";"10136";"2015-04-09 14:36:09.607";"TvOn";"2015-04-09";"44";"0";"1";"SmartPlug"
"2015-04-09 14:39:24.854";"10136";"2015-04-09 14:39:13.017";"TvOn";"2015-04-09";"11";"0";"1";"SmartPlug"
"2015-04-09 16:03:15.013";"10136";"2015-04-09 16:02:52.415";"IronOn";"2015-04-09";"22";"0";"1";"SmartPlug"
"2015-04-09 16:16:41.202";"10136";"2015-04-09 16:16:29.054";"BoilerOn";"2015-04-09";"12";"0";"1";"SmartPlug"
"2015-04-09 16:17:06.230";"10136";"2015-04-09 16:16:55.380";"BoilerOn";"2015-04-09";"10";"0";"1";"SmartPlug"
"2015-04-09 16:18:54.231";"10136";"2015-04-09 16:17:22.051";"BoilerOn";"2015-04-09";"92";"0";"1";"SmartPlug"
"2015-04-09 16:19:21.866";"10136";"2015-04-09 16:18:33.274";"CookerOn";"2015-04-09";"48";"0";"1";"SmartPlug"
"2015-04-09 16:19:34.092";"10136";"2015-04-09 16:18:41.428";"TvOn";"2015-04-09";"52";"0";"1";"SmartPlug"
"2015-04-09 16:20:13.331";"10136";"2015-04-09 16:19:38.251";"BoilerOn";"2015-04-09";"35";"0";"1";"SmartPlug"
"2015-04-09 16:20:27.087";"10136";"2015-04-09 16:19:48.835";"TvOn";"2015-04-09";"38";"0";"1";"SmartPlug"
"2015-04-09 16:56:51.262";"10136";"2015-04-09 16:24:03.531";"TvOn";"2015-04-09";"1967";"0";"1";"SmartPlug"
"2015-04-09 17:07:01.242";"10136";"2015-04-09 16:58:25.387";"TvOn";"2015-04-09";"515";"0";"1";"SmartPlug"
"2015-04-09 17:10:03.832";"10136";"2015-04-09 17:09:51.063";"TvOn";"2015-04-09";"12";"0";"1";"SmartPlug"
"2015-04-09 17:10:52.723";"10136";"2015-04-09 17:10:41.862";"TvOn";"2015-04-09";"10";"0";"1";"SmartPlug"
"2015-04-09 17:11:51.117";"10136";"2015-04-09 17:11:40.294";"TvOn";"2015-04-09";"10";"0";"1";"SmartPlug"
"2015-04-09 17:13:24.766";"10136";"2015-04-09 17:13:13.901";"TvOn";"2015-04-09";"10";"0";"1";"SmartPlug"
"2015-04-09 17:14:38.681";"10136";"2015-04-09 17:14:13.153";"TvOn";"2015-04-09";"25";"0";"1";"SmartPlug"
"2015-04-09 17:16:12.973";"10136";"2015-04-09 17:16:02.046";"TvOn";"2015-04-09";"10";"0";"1";"SmartPlug"
"2015-04-09 17:17:24.121";"10136";"2015-04-09 17:17:13.272";"TvOn";"2015-04-09";"10";"0";"1";"SmartPlug"
"2015-04-09 17:26:25.279";"10136";"2015-04-09 17:21:15.476";"CookerOn";"2015-04-09";"309";"0";"1";"SmartPlug"
"2015-04-09 17:45:16.630";"10136";"2015-04-09 17:18:35.194";"TvOn";"2015-04-09";"1601";"0";"1";"SmartPlug"
"2015-04-09 17:46:15.318";"10136";"2015-04-09 17:45:41.605";"TvOn";"2015-04-09";"33";"0";"1";"SmartPlug"
"2015-04-09 17:53:00.238";"10136";"2015-04-09 17:46:52.550";"TvOn";"2015-04-09";"367";"0";"1";"SmartPlug"
"2015-04-09 17:57:07.844";"10136";"2015-04-09 17:53:14.727";"TvOn";"2015-04-09";"233";"0";"1";"SmartPlug"
"2015-04-09 18:11:53.024";"10136";"2015-04-09 17:57:21.703";"TvOn";"2015-04-09";"871";"0";"1";"SmartPlug"
"2015-04-09 20:06:28.384";"10136";"2015-04-09 19:54:50.161";"TvOn";"2015-04-09";"698";"0";"1";"SmartPlug"
"2015-04-09 20:07:04.877";"10136";"2015-04-09 20:06:42.345";"TvOn";"2015-04-09";"22";"0";"1";"SmartPlug"
"2015-04-09 20:56:14.170";"10136";"2015-04-09 20:07:18.795";"TvOn";"2015-04-09";"2935";"0";"1";"SmartPlug"
"2015-04-09 22:53:46.495";"10136";"2015-04-09 20:56:28.734";"TvOn";"2015-04-09";"7037";"0";"1";"SmartPlug"
"2015-04-09 22:56:26.588";"10136";"2015-04-09 22:54:00.724";"TvOn";"2015-04-09";"145";"0";"1";"SmartPlug"
"2015-04-09 23:01:14.730";"10136";"2015-04-09 22:56:40.575";"TvOn";"2015-04-09";"274";"0";"1";"SmartPlug"
"2015-04-09 23:02:12.337";"10136";"2015-04-09 23:01:28.708";"TvOn";"2015-04-09";"43";"0";"1";"SmartPlug"
"2015-04-09 23:34:07.353";"10136";"2015-04-09 23:02:26.142";"TvOn";"2015-04-09";"1901";"0";"1";"SmartPlug"
"2015-04-09 23:55:50.169";"10136";"2015-04-09 23:34:37.185";"TvOn";"2015-04-09";"1272";"0";"1";"SmartPlug"
"2015-04-09 23:59:41.109";"10136";"2015-04-09 23:56:04.820";"TvOn";"2015-04-09";"216";"0";"1";"SmartPlug"
"2015-04-10 00:06:29.272";"10136";"2015-04-09 23:59:55.635";"TvOn";"2015-04-09";"393";"0";"1";"SmartPlug"
"2015-04-10 00:09:39.109";"10136";"2015-04-10 00:06:43.151";"TvOn";"2015-04-10";"175";"0";"1";"SmartPlug"
"2015-04-10 00:10:29.778";"10136";"2015-04-10 00:09:55.317";"TvOn";"2015-04-10";"34";"0";"1";"SmartPlug"
"2015-04-10 11:08:08.261";"10136";"2015-04-10 10:59:19.622";"TvOn";"2015-04-10";"528";"0";"1";"SmartPlug"
"2015-04-10 11:09:33.474";"10136";"2015-04-10 11:08:48.932";"TvOn";"2015-04-10";"44";"0";"1";"SmartPlug"
"2015-04-10 11:10:44.321";"10136";"2015-04-10 11:10:10.871";"TvOn";"2015-04-10";"33";"0";"1";"SmartPlug"
"2015-04-10 11:11:30.859";"10136";"2015-04-10 11:10:58.310";"TvOn";"2015-04-10";"32";"0";"1";"SmartPlug"
"2015-04-10 11:12:51.013";"10136";"2015-04-10 11:12:07.159";"TvOn";"2015-04-10";"43";"0";"1";"SmartPlug"
"2015-04-10 11:17:47.723";"10136";"2015-04-10 11:16:51.720";"TvOn";"2015-04-10";"56";"0";"1";"SmartPlug"
"2015-04-10 11:19:08.199";"10136";"2015-04-10 11:18:23.767";"TvOn";"2015-04-10";"44";"0";"1";"SmartPlug"
"2015-04-10 11:21:10.076";"10136";"2015-04-10 11:19:33.559";"TvOn";"2015-04-10";"96";"0";"1";"SmartPlug"
"2015-04-10 12:06:07.937";"10136";"2015-04-10 12:03:32.665";"BoilerOn";"2015-04-10";"155";"0";"1";"SmartPlug"
"2015-04-10 12:07:17.895";"10136";"2015-04-10 12:06:44.480";"BoilerOn";"2015-04-10";"33";"0";"1";"SmartPlug"
"2015-04-10 12:08:50.896";"10136";"2015-04-10 12:08:28.568";"BoilerOn";"2015-04-10";"22";"0";"1";"SmartPlug"
"2015-04-10 12:34:16.896";"10136";"2015-04-10 11:21:24.356";"TvOn";"2015-04-10";"4372";"0";"1";"SmartPlug"
"2015-04-10 12:54:11.198";"10136";"2015-04-10 12:34:32.706";"TvOn";"2015-04-10";"1178";"0";"1";"SmartPlug"
"2015-04-10 22:52:38.251";"10136";"2015-04-10 22:50:11.067";"BoilerOn";"2015-04-10";"147";"0";"1";"SmartPlug"
"2015-04-10 22:53:50.273";"10136";"2015-04-10 22:53:14.362";"BoilerOn";"2015-04-10";"35";"0";"1";"SmartPlug"
"2015-04-10 22:55:26.269";"10136";"2015-04-10 22:54:52.788";"BoilerOn";"2015-04-10";"33";"0";"1";"SmartPlug"
"2015-04-10 23:29:22.873";"10136";"2015-04-10 23:23:19.564";"CookerOn";"2015-04-10";"363";"0";"1";"SmartPlug"
"2015-04-10 23:31:56.736";"10136";"2015-04-10 23:29:37.950";"CookerOn";"2015-04-10";"138";"0";"1";"SmartPlug"
"2015-04-10 23:32:58.773";"10136";"2015-04-10 23:32:35.872";"CookerOn";"2015-04-10";"22";"0";"1";"SmartPlug"
"2015-04-10 23:34:45.515";"10136";"2015-04-10 23:33:13.783";"CookerOn";"2015-04-10";"91";"0";"1";"SmartPlug"
"2015-04-10 23:35:31.966";"10136";"2015-04-10 23:35:10.188";"CookerOn";"2015-04-10";"21";"0";"1";"SmartPlug"
"2015-04-10 23:36:55.153";"10136";"2015-04-10 23:35:46.199";"CookerOn";"2015-04-10";"68";"0";"1";"SmartPlug"
"2015-04-10 23:41:36.270";"10136";"2015-04-10 23:39:11.931";"CookerOn";"2015-04-10";"144";"0";"1";"SmartPlug"
"2015-04-10 23:42:45.618";"10136";"2015-04-10 23:42:12.714";"CookerOn";"2015-04-10";"32";"0";"1";"SmartPlug"
"2015-04-11 00:06:38.693";"10136";"2015-04-10 23:33:43.837";"TvOn";"2015-04-10";"1974";"0";"1";"SmartPlug"
"2015-04-11 00:09:17.326";"10136";"2015-04-11 00:06:52.815";"TvOn";"2015-04-11";"144";"0";"1";"SmartPlug"
"2015-04-11 00:23:21.026";"10136";"2015-04-11 00:09:31.493";"TvOn";"2015-04-11";"829";"0";"1";"SmartPlug"
"2015-04-11 00:25:00.040";"10136";"2015-04-11 00:23:36.990";"TvOn";"2015-04-11";"83";"0";"1";"SmartPlug"
"2015-04-11 00:48:34.511";"10136";"2015-04-11 00:25:15.093";"TvOn";"2015-04-11";"1399";"0";"1";"SmartPlug"
"2015-04-11 00:49:12.509";"10136";"2015-04-11 00:48:49.254";"TvOn";"2015-04-11";"23";"0";"1";"SmartPlug"
"2015-04-11 01:15:32.980";"10136";"2015-04-11 00:49:28.208";"TvOn";"2015-04-11";"1564";"0";"1";"SmartPlug"
"2015-04-11 10:48:05.171";"10136";"2015-04-11 10:45:37.210";"BoilerOn";"2015-04-11";"147";"0";"1";"SmartPlug"
"2015-04-11 10:49:19.413";"10136";"2015-04-11 10:48:43.911";"BoilerOn";"2015-04-11";"35";"0";"1";"SmartPlug"
"2015-04-11 10:50:38.712";"10136";"2015-04-11 10:50:05.930";"BoilerOn";"2015-04-11";"32";"0";"1";"SmartPlug"
"2015-04-11 10:52:10.782";"10136";"2015-04-11 10:51:49.046";"BoilerOn";"2015-04-11";"21";"0";"1";"SmartPlug"
"2015-04-11 15:00:18.435";"10136";"2015-04-11 13:55:15.533";"TvOn";"2015-04-11";"3902";"0";"1";"SmartPlug"
"2015-04-11 15:06:10.483";"10136";"2015-04-11 15:03:44.853";"BoilerOn";"2015-04-11";"145";"0";"1";"SmartPlug"
"2015-04-11 15:07:09.281";"10136";"2015-04-11 15:06:24.783";"BoilerOn";"2015-04-11";"44";"0";"1";"SmartPlug"
"2015-04-11 15:08:08.922";"10136";"2015-04-11 15:07:35.885";"BoilerOn";"2015-04-11";"33";"0";"1";"SmartPlug"
"2015-04-11 15:09:17.295";"10136";"2015-04-11 15:08:44.467";"BoilerOn";"2015-04-11";"32";"0";"1";"SmartPlug"
"2015-04-11 15:10:48.632";"10136";"2015-04-11 15:10:15.860";"BoilerOn";"2015-04-11";"32";"0";"1";"SmartPlug"
"2015-04-11 15:12:53.151";"10136";"2015-04-11 15:12:31.337";"BoilerOn";"2015-04-11";"21";"0";"1";"SmartPlug"
"2015-04-11 15:42:45.547";"10136";"2015-04-11 15:35:15.158";"CookerOn";"2015-04-11";"450";"0";"1";"SmartPlug"
"2015-04-11 15:45:43.484";"10136";"2015-04-11 15:00:32.794";"TvOn";"2015-04-11";"2710";"0";"1";"SmartPlug"
"2015-04-11 16:00:40.732";"10136";"2015-04-11 15:45:57.650";"TvOn";"2015-04-11";"883";"0";"1";"SmartPlug"
"2015-04-11 16:01:05.716";"10136";"2015-04-11 16:00:54.760";"TvOn";"2015-04-11";"10";"0";"1";"SmartPlug"
"2015-04-11 16:05:37.136";"10136";"2015-04-11 16:01:19.645";"TvOn";"2015-04-11";"257";"0";"1";"SmartPlug"
"2015-04-11 17:09:56.534";"10136";"2015-04-11 16:05:51.481";"TvOn";"2015-04-11";"3845";"0";"1";"SmartPlug"
"2015-04-11 17:16:36.855";"10136";"2015-04-11 17:10:11.173";"TvOn";"2015-04-11";"385";"0";"1";"SmartPlug"
"2015-04-11 17:23:47.125";"10136";"2015-04-11 17:19:05.026";"CookerOn";"2015-04-11";"282";"0";"1";"SmartPlug"
"2015-04-11 19:05:24.885";"10136";"2015-04-11 18:59:54.086";"TvOn";"2015-04-11";"330";"0";"1";"SmartPlug"
"2015-04-11 19:54:30.917";"10136";"2015-04-11 19:05:50.912";"TvOn";"2015-04-11";"2920";"0";"1";"SmartPlug"
"2015-04-11 19:57:11.061";"10136";"2015-04-11 19:54:45.284";"TvOn";"2015-04-11";"145";"0";"1";"SmartPlug"
"2015-04-11 21:10:18.181";"10136";"2015-04-11 19:57:25.182";"TvOn";"2015-04-11";"4372";"0";"1";"SmartPlug"
"2015-04-12 01:02:42.358";"10136";"2015-04-12 01:00:29.196";"BoilerOn";"2015-04-12";"133";"0";"1";"SmartPlug"
"2015-04-12 01:03:52.072";"10136";"2015-04-12 01:03:07.728";"BoilerOn";"2015-04-12";"44";"0";"1";"SmartPlug"
"2015-04-12 01:04:49.982";"10136";"2015-04-12 01:04:16.856";"BoilerOn";"2015-04-12";"33";"0";"1";"SmartPlug"
"2015-04-12 01:06:01.405";"10136";"2015-04-12 01:05:39.506";"BoilerOn";"2015-04-12";"21";"0";"1";"SmartPlug"
"2015-04-12 01:07:43.526";"10136";"2015-04-12 01:07:10.034";"BoilerOn";"2015-04-12";"33";"0";"1";"SmartPlug"
"2015-04-12 01:10:11.110";"10136";"2015-04-12 01:09:38.482";"BoilerOn";"2015-04-12";"32";"0";"1";"SmartPlug"
"2015-04-12 01:23:59.439";"10136";"2015-04-12 00:41:30.610";"TvOn";"2015-04-12";"2548";"0";"1";"SmartPlug"
"2015-04-12 01:28:20.193";"10136";"2015-04-12 01:24:13.573";"TvOn";"2015-04-12";"246";"0";"1";"SmartPlug"
"2015-04-12 01:28:44.954";"10136";"2015-04-12 01:28:34.260";"TvOn";"2015-04-12";"10";"0";"1";"SmartPlug"
"2015-04-12 01:52:35.162";"10136";"2015-04-12 01:28:59.381";"TvOn";"2015-04-12";"1415";"0";"1";"SmartPlug"
"2015-04-12 02:06:10.132";"10136";"2015-04-12 01:53:22.600";"TvOn";"2015-04-12";"767";"0";"1";"SmartPlug"
"2015-04-12 02:31:43.128";"10136";"2015-04-12 02:06:26.684";"TvOn";"2015-04-12";"1516";"0";"1";"SmartPlug"
"2015-04-12 02:34:09.257";"10136";"2015-04-12 02:32:08.522";"TvOn";"2015-04-12";"120";"0";"1";"SmartPlug"
"2015-04-12 02:35:41.215";"10136";"2015-04-12 02:34:34.668";"TvOn";"2015-04-12";"66";"0";"1";"SmartPlug"
"2015-04-12 02:38:40.289";"10136";"2015-04-12 02:36:06.569";"TvOn";"2015-04-12";"153";"0";"1";"SmartPlug"
"2015-04-12 02:53:21.883";"10136";"2015-04-12 02:38:55.383";"TvOn";"2015-04-12";"866";"0";"1";"SmartPlug"
"2015-04-12 03:06:43.752";"10136";"2015-04-12 02:53:37.126";"TvOn";"2015-04-12";"786";"0";"1";"SmartPlug"
"2015-04-12 03:07:10.759";"10136";"2015-04-12 03:06:58.655";"TvOn";"2015-04-12";"12";"0";"1";"SmartPlug"
"2015-04-12 03:09:04.036";"10136";"2015-04-12 03:07:25.114";"TvOn";"2015-04-12";"98";"0";"1";"SmartPlug"
"2015-04-12 03:09:40.247";"10136";"2015-04-12 03:09:18.328";"TvOn";"2015-04-12";"21";"0";"1";"SmartPlug"
"2015-04-12 03:14:13.384";"10136";"2015-04-12 03:09:55.126";"TvOn";"2015-04-12";"258";"0";"1";"SmartPlug"
"2015-04-12 03:20:32.608";"10136";"2015-04-12 03:14:38.201";"TvOn";"2015-04-12";"354";"0";"1";"SmartPlug"
"2015-04-12 03:21:52.075";"10136";"2015-04-12 03:20:57.471";"TvOn";"2015-04-12";"54";"0";"1";"SmartPlug"
"2015-04-12 03:30:58.576";"10136";"2015-04-12 03:22:05.832";"TvOn";"2015-04-12";"532";"0";"1";"SmartPlug"
"2015-04-12 03:32:08.883";"10136";"2015-04-12 03:31:12.732";"TvOn";"2015-04-12";"56";"0";"1";"SmartPlug"
"2015-04-12 03:36:50.123";"10136";"2015-04-12 03:32:23.112";"TvOn";"2015-04-12";"267";"0";"1";"SmartPlug"
"2015-04-12 03:37:36.728";"10136";"2015-04-12 03:37:04.045";"TvOn";"2015-04-12";"32";"0";"1";"SmartPlug"
"2015-04-12 03:40:05.642";"10136";"2015-04-12 03:37:50.850";"TvOn";"2015-04-12";"134";"0";"1";"SmartPlug"
"2015-04-12 04:56:42.446";"10136";"2015-04-12 04:54:39.936";"BoilerOn";"2015-04-12";"122";"0";"1";"SmartPlug"
"2015-04-12 04:57:52.514";"10136";"2015-04-12 04:57:19.281";"BoilerOn";"2015-04-12";"33";"0";"1";"SmartPlug"
"2015-04-12 04:59:04.337";"10136";"2015-04-12 04:58:31.724";"BoilerOn";"2015-04-12";"32";"0";"1";"SmartPlug"
"2015-04-12 05:00:35.815";"10136";"2015-04-12 05:00:13.523";"BoilerOn";"2015-04-12";"22";"0";"1";"SmartPlug"
"2015-04-12 05:43:36.873";"10136";"2015-04-12 05:32:45.420";"TvOn";"2015-04-12";"651";"0";"1";"SmartPlug"
"2015-04-12 05:53:33.486";"10136";"2015-04-12 05:43:51.044";"TvOn";"2015-04-12";"582";"0";"1";"SmartPlug"
"2015-04-12 06:24:17.797";"10136";"2015-04-12 05:53:47.975";"TvOn";"2015-04-12";"1829";"0";"1";"SmartPlug"
"2015-04-12 12:08:10.876";"10136";"2015-04-12 12:05:47.092";"BoilerOn";"2015-04-12";"143";"0";"1";"SmartPlug"
"2015-04-12 12:09:09.148";"10136";"2015-04-12 12:08:36.541";"BoilerOn";"2015-04-12";"32";"0";"1";"SmartPlug"
"2015-04-12 12:10:35.247";"10136";"2015-04-12 12:10:00.623";"BoilerOn";"2015-04-12";"34";"0";"1";"SmartPlug"
"2015-04-12 12:12:22.465";"10136";"2015-04-12 12:11:59.585";"BoilerOn";"2015-04-12";"22";"0";"1";"SmartPlug"
"2015-04-12 23:41:11.342";"10136";"2015-04-12 23:20:38.259";"TvOn";"2015-04-12";"1233";"0";"1";"SmartPlug"
"2015-04-12 23:43:50.076";"10136";"2015-04-12 23:41:47.137";"TvOn";"2015-04-12";"122";"0";"1";"SmartPlug"
"2015-04-12 23:46:08.850";"10136";"2015-04-12 23:44:04.146";"TvOn";"2015-04-12";"124";"0";"1";"SmartPlug"
"2015-04-12 23:48:05.581";"10136";"2015-04-12 23:46:34.227";"TvOn";"2015-04-12";"91";"0";"1";"SmartPlug"
"2015-04-12 23:51:17.345";"10136";"2015-04-12 23:48:19.698";"TvOn";"2015-04-12";"177";"0";"1";"SmartPlug"
"2015-04-13 00:39:15.114";"10136";"2015-04-13 00:36:50.770";"BoilerOn";"2015-04-13";"144";"0";"1";"SmartPlug"
"2015-04-13 00:40:26.316";"10136";"2015-04-13 00:39:40.461";"BoilerOn";"2015-04-13";"45";"0";"1";"SmartPlug"
"2015-04-13 00:41:48.589";"10136";"2015-04-13 00:41:13.908";"BoilerOn";"2015-04-13";"34";"0";"1";"SmartPlug"
"2015-04-13 00:56:49.653";"10136";"2015-04-12 23:51:31.441";"TvOn";"2015-04-12";"3918";"0";"1";"SmartPlug"
"2015-04-13 00:58:53.739";"10136";"2015-04-13 00:57:14.670";"TvOn";"2015-04-13";"99";"0";"1";"SmartPlug"
"2015-04-13 00:59:52.094";"10136";"2015-04-13 00:59:07.817";"TvOn";"2015-04-13";"44";"0";"1";"SmartPlug"
"2015-04-13 01:18:01.889";"10136";"2015-04-13 01:00:08.250";"TvOn";"2015-04-13";"1073";"0";"1";"SmartPlug"
"2015-04-13 01:18:27.407";"10136";"2015-04-13 01:18:16.534";"TvOn";"2015-04-13";"10";"0";"1";"SmartPlug"
"2015-04-13 01:22:12.879";"10136";"2015-04-13 01:19:15.211";"TvOn";"2015-04-13";"177";"0";"1";"SmartPlug"
"2015-04-13 01:46:28.047";"10136";"2015-04-13 01:22:28.079";"TvOn";"2015-04-13";"1439";"0";"1";"SmartPlug"
"2015-04-13 01:52:11.882";"10136";"2015-04-13 01:47:16.092";"TvOn";"2015-04-13";"295";"0";"1";"SmartPlug"
"2015-04-13 02:34:10.738";"10136";"2015-04-13 01:52:26.759";"TvOn";"2015-04-13";"2503";"0";"1";"SmartPlug"
"2015-04-13 02:35:21.225";"10136";"2015-04-13 02:34:25.560";"TvOn";"2015-04-13";"55";"0";"1";"SmartPlug"
"2015-04-13 02:36:52.151";"10136";"2015-04-13 02:35:35.674";"TvOn";"2015-04-13";"76";"0";"1";"SmartPlug"
"2015-04-13 02:38:57.207";"10136";"2015-04-13 02:37:06.163";"TvOn";"2015-04-13";"111";"0";"1";"SmartPlug"
"2015-04-13 02:39:33.535";"10136";"2015-04-13 02:39:22.590";"TvOn";"2015-04-13";"10";"0";"1";"SmartPlug"
"2015-04-13 02:41:05.948";"10136";"2015-04-13 02:40:31.952";"TvOn";"2015-04-13";"33";"0";"1";"SmartPlug"
"2015-04-13 11:15:08.313";"10136";"2015-04-13 11:12:43.026";"BoilerOn";"2015-04-13";"145";"0";"1";"SmartPlug"
"2015-04-13 11:16:22.111";"10136";"2015-04-13 11:15:49.683";"BoilerOn";"2015-04-13";"32";"0";"1";"SmartPlug"
"2015-04-13 11:17:44.117";"10136";"2015-04-13 11:17:09.526";"BoilerOn";"2015-04-13";"34";"0";"1";"SmartPlug"
"2015-04-13 11:19:49.254";"10136";"2015-04-13 11:19:27.376";"BoilerOn";"2015-04-13";"21";"0";"1";"SmartPlug"
"2015-04-13 13:04:44.781";"10136";"2015-04-13 13:03:04.448";"BoilerOn";"2015-04-13";"100";"0";"1";"SmartPlug"
"2015-04-13 13:06:06.544";"10136";"2015-04-13 13:05:33.494";"BoilerOn";"2015-04-13";"33";"0";"1";"SmartPlug"
"2015-04-13 16:00:03.825";"10136";"2015-04-13 15:52:41.119";"WashingMachineOn";"2015-04-13";"442";"0";"1";"SmartPlug"
"2015-04-13 16:00:08.784";"10136";"2015-04-13 15:57:15.063";"CookerOn";"2015-04-13";"173";"0";"1";"SmartPlug"
"2015-04-13 16:03:33.990";"10136";"2015-04-13 14:56:05.170";"TvOn";"2015-04-13";"4048";"0";"1";"SmartPlug"
"2015-04-13 16:05:09.465";"10136";"2015-04-13 16:02:41.282";"WashingMachineOn";"2015-04-13";"148";"0";"1";"SmartPlug"
"2015-04-13 16:22:33.076";"10136";"2015-04-13 16:03:48.623";"TvOn";"2015-04-13";"1124";"0";"1";"SmartPlug"
"2015-04-13 16:23:42.802";"10136";"2015-04-13 16:22:47.143";"TvOn";"2015-04-13";"55";"0";"1";"SmartPlug"
"2015-04-13 16:25:47.850";"10136";"2015-04-13 16:24:41.673";"TvOn";"2015-04-13";"66";"0";"1";"SmartPlug"
"2015-04-13 16:30:22.382";"10136";"2015-04-13 16:07:50.361";"WashingMachineOn";"2015-04-13";"1352";"0";"1";"SmartPlug"
"2015-04-13 16:35:54.636";"10136";"2015-04-13 16:34:12.498";"CookerOn";"2015-04-13";"102";"0";"1";"SmartPlug"
"2015-04-13 16:37:46.675";"10136";"2015-04-13 16:26:17.586";"TvOn";"2015-04-13";"689";"0";"1";"SmartPlug"
"2015-04-13 16:48:01.685";"10136";"2015-04-13 16:38:17.869";"TvOn";"2015-04-13";"583";"0";"1";"SmartPlug"
"2015-04-13 16:49:03.306";"10136";"2015-04-13 16:48:27.762";"TvOn";"2015-04-13";"35";"0";"1";"SmartPlug"
"2015-04-13 16:50:11.341";"10136";"2015-04-13 16:49:23.703";"TvOn";"2015-04-13";"47";"0";"1";"SmartPlug"
"2015-04-13 16:53:15.429";"10136";"2015-04-13 16:50:27.899";"TvOn";"2015-04-13";"167";"0";"1";"SmartPlug"
"2015-04-13 16:59:55.196";"10136";"2015-04-13 16:57:20.462";"WashingMachineOn";"2015-04-13";"154";"0";"1";"SmartPlug"
"2015-04-13 17:02:07.282";"10136";"2015-04-13 16:53:40.618";"TvOn";"2015-04-13";"506";"0";"1";"SmartPlug"
"2015-04-13 17:02:48.406";"10136";"2015-04-13 17:02:34.983";"TvOn";"2015-04-13";"13";"0";"1";"SmartPlug"
"2015-04-13 17:04:41.154";"10136";"2015-04-13 17:03:13.534";"TvOn";"2015-04-13";"87";"0";"1";"SmartPlug"
"2015-04-13 17:11:58.739";"10136";"2015-04-13 17:09:24.520";"WashingMachineOn";"2015-04-13";"154";"0";"1";"SmartPlug"
"2015-04-13 17:30:42.138";"10136";"2015-04-13 17:04:55.282";"TvOn";"2015-04-13";"1546";"0";"1";"SmartPlug"
"2015-04-13 17:31:09.729";"10136";"2015-04-13 17:26:16.526";"WashingMachineOn";"2015-04-13";"293";"0";"1";"SmartPlug"
"2015-04-13 17:39:02.711";"10136";"2015-04-13 17:30:56.406";"TvOn";"2015-04-13";"486";"0";"1";"SmartPlug"
"2015-04-13 17:45:17.110";"10136";"2015-04-13 17:44:20.553";"WashingMachineOn";"2015-04-13";"56";"0";"1";"SmartPlug"
"2015-04-13 17:58:32.783";"10136";"2015-04-13 17:39:17.077";"TvOn";"2015-04-13";"1155";"0";"1";"SmartPlug"
"2015-04-13 18:01:37.365";"10136";"2015-04-13 17:56:42.186";"WashingMachineOn";"2015-04-13";"295";"0";"1";"SmartPlug"
"2015-04-13 19:11:09.790";"10136";"2015-04-13 19:06:09.310";"WashingMachineOn";"2015-04-13";"300";"0";"1";"SmartPlug"
"2015-04-13 21:38:11.578";"10136";"2015-04-13 21:33:42.937";"CookerOn";"2015-04-13";"268";"0";"1";"SmartPlug"
"2015-04-13 22:21:52.844";"10136";"2015-04-13 22:21:20.173";"TvOn";"2015-04-13";"32";"0";"1";"SmartPlug"
"2015-04-13 23:27:06.474";"10136";"2015-04-13 22:22:07.222";"TvOn";"2015-04-13";"3899";"0";"1";"SmartPlug"
"2015-04-13 23:35:03.561";"10136";"2015-04-13 23:27:20.680";"TvOn";"2015-04-13";"462";"0";"1";"SmartPlug"
"2015-04-13 23:43:25.521";"10136";"2015-04-13 23:36:59.116";"TvOn";"2015-04-13";"386";"0";"1";"SmartPlug"
"2015-04-13 23:47:38.712";"10136";"2015-04-13 23:43:40.679";"TvOn";"2015-04-13";"238";"0";"1";"SmartPlug"
"2015-04-14 00:23:23.915";"10136";"2015-04-13 23:47:54.887";"TvOn";"2015-04-13";"2129";"0";"1";"SmartPlug"
"2015-04-14 00:24:34.500";"10136";"2015-04-14 00:23:38.544";"TvOn";"2015-04-14";"55";"0";"1";"SmartPlug"
"2015-04-14 00:41:38.378";"10136";"2015-04-14 00:24:48.537";"TvOn";"2015-04-14";"1009";"0";"1";"SmartPlug"
"2015-04-14 09:52:09.506";"10136";"2015-04-14 09:49:23.801";"BoilerOn";"2015-04-14";"165";"0";"1";"SmartPlug"
"2015-04-14 09:53:24.019";"10136";"2015-04-14 09:52:46.560";"BoilerOn";"2015-04-14";"37";"0";"1";"SmartPlug"
"2015-04-14 09:54:33.845";"10136";"2015-04-14 09:54:00.956";"BoilerOn";"2015-04-14";"32";"0";"1";"SmartPlug"
"2015-04-14 09:56:19.648";"10136";"2015-04-14 09:55:46.033";"BoilerOn";"2015-04-14";"33";"0";"1";"SmartPlug"
"2015-04-14 10:32:01.023";"10136";"2015-04-14 10:29:24.298";"BoilerOn";"2015-04-14";"156";"0";"1";"SmartPlug"
"2015-04-14 10:33:00.357";"10136";"2015-04-14 10:32:26.964";"BoilerOn";"2015-04-14";"33";"0";"1";"SmartPlug"
"2015-04-14 10:34:09.392";"10136";"2015-04-14 10:33:36.653";"BoilerOn";"2015-04-14";"32";"0";"1";"SmartPlug"
"2015-04-14 10:35:30.425";"10136";"2015-04-14 10:34:57.708";"BoilerOn";"2015-04-14";"32";"0";"1";"SmartPlug"
"2015-04-14 10:37:35.851";"10136";"2015-04-14 10:37:02.616";"BoilerOn";"2015-04-14";"33";"0";"1";"SmartPlug"
"2015-04-14 11:16:35.756";"10136";"2015-04-14 11:14:09.270";"BoilerOn";"2015-04-14";"146";"0";"1";"SmartPlug"
"2015-04-14 11:17:47.758";"10136";"2015-04-14 11:17:13.180";"BoilerOn";"2015-04-14";"34";"0";"1";"SmartPlug"
"2015-04-14 11:18:59.767";"10136";"2015-04-14 11:18:25.963";"BoilerOn";"2015-04-14";"33";"0";"1";"SmartPlug"
"2015-04-14 11:20:36.592";"10136";"2015-04-14 11:20:01.705";"BoilerOn";"2015-04-14";"34";"0";"1";"SmartPlug"
"2015-04-14 16:30:19.244";"10136";"2015-04-14 16:28:46.321";"CookerOn";"2015-04-14";"92";"0";"1";"SmartPlug"
"2015-04-14 16:33:11.640";"10136";"2015-04-14 16:30:33.850";"CookerOn";"2015-04-14";"157";"0";"1";"SmartPlug"
"2015-04-14 20:11:50.197";"10136";"2015-04-14 18:43:04.380";"TvOn";"2015-04-14";"5325";"0";"1";"SmartPlug"
"2015-04-14 21:36:11.871";"10136";"2015-04-14 20:12:05.639";"TvOn";"2015-04-14";"5046";"0";"1";"SmartPlug"
"2015-04-14 21:36:38.825";"10136";"2015-04-14 21:36:27.923";"TvOn";"2015-04-14";"10";"0";"1";"SmartPlug"
"2015-04-14 21:39:29.688";"10136";"2015-04-14 21:37:00.806";"TvOn";"2015-04-14";"148";"0";"1";"SmartPlug"
"2015-04-14 21:48:47.236";"10136";"2015-04-14 21:39:55.367";"TvOn";"2015-04-14";"531";"0";"1";"SmartPlug"
"2015-04-14 22:16:48.876";"10136";"2015-04-14 21:49:15.241";"TvOn";"2015-04-14";"1653";"0";"1";"SmartPlug"
"2015-04-14 22:17:42.360";"10136";"2015-04-14 22:17:16.161";"TvOn";"2015-04-14";"26";"0";"1";"SmartPlug"
"2015-04-14 22:57:14.735";"10136";"2015-04-14 22:18:47.737";"TvOn";"2015-04-14";"2306";"0";"1";"SmartPlug"
"2015-04-14 23:28:59.209";"10136";"2015-04-14 22:57:32.084";"TvOn";"2015-04-14";"1887";"0";"1";"SmartPlug"
"2015-04-15 00:11:41.702";"10136";"2015-04-14 23:29:17.669";"TvOn";"2015-04-14";"2544";"0";"1";"SmartPlug"
"2015-04-15 09:20:52.512";"10136";"2015-04-15 09:18:28.213";"BoilerOn";"2015-04-15";"144";"0";"1";"SmartPlug"
"2015-04-15 09:22:20.420";"10136";"2015-04-15 09:21:43.304";"BoilerOn";"2015-04-15";"37";"0";"1";"SmartPlug"
"2015-04-15 09:24:03.919";"10136";"2015-04-15 09:23:37.801";"BoilerOn";"2015-04-15";"26";"0";"1";"SmartPlug"
"2015-04-15 15:24:33.782";"10136";"2015-04-15 15:16:48.700";"CookerOn";"2015-04-15";"465";"0";"1";"SmartPlug"
"2015-04-15 15:26:32.798";"10136";"2015-04-15 15:24:59.839";"CookerOn";"2015-04-15";"92";"0";"1";"SmartPlug"
"2015-04-15 15:28:32.977";"10136";"2015-04-15 15:27:00.001";"CookerOn";"2015-04-15";"92";"0";"1";"SmartPlug"
"2015-04-15 15:30:12.091";"10136";"2015-04-15 15:28:59.051";"CookerOn";"2015-04-15";"73";"0";"1";"SmartPlug"
"2015-04-15 15:32:05.175";"10136";"2015-04-15 15:30:50.067";"CookerOn";"2015-04-15";"75";"0";"1";"SmartPlug"
"2015-04-15 15:33:54.617";"10136";"2015-04-15 15:32:46.952";"CookerOn";"2015-04-15";"67";"0";"1";"SmartPlug"
"2015-04-15 15:35:12.353";"10136";"2015-04-15 15:34:46.193";"CookerOn";"2015-04-15";"26";"0";"1";"SmartPlug"
"2015-04-15 15:41:11.588";"10136";"2015-04-15 15:38:09.035";"CookerOn";"2015-04-15";"182";"0";"1";"SmartPlug"
"2015-04-15 15:43:24.338";"10136";"2015-04-15 15:41:51.982";"CookerOn";"2015-04-15";"92";"0";"1";"SmartPlug"
"2015-04-15 15:46:10.955";"10136";"2015-04-15 15:45:01.462";"CookerOn";"2015-04-15";"69";"0";"1";"SmartPlug"
"2015-04-15 16:35:03.812";"10136";"2015-04-15 16:14:59.747";"WashingMachineOn";"2015-04-15";"1204";"0";"1";"SmartPlug"
"2015-04-15 18:56:25.335";"10136";"2015-04-15 18:53:56.598";"WashingMachineOn";"2015-04-15";"148";"0";"1";"SmartPlug"
"2015-04-15 19:32:40.653";"10136";"2015-04-15 19:31:09.118";"WashingMachineOn";"2015-04-15";"91";"0";"1";"SmartPlug"
"2015-04-15 19:52:08.696";"10136";"2015-04-15 17:59:04.811";"TvOn";"2015-04-15";"6783";"0";"1";"SmartPlug"
"2015-04-15 20:09:33.900";"10136";"2015-04-15 19:52:36.487";"TvOn";"2015-04-15";"1017";"0";"1";"SmartPlug"
"2015-04-15 21:04:02.267";"10136";"2015-04-15 20:09:48.019";"TvOn";"2015-04-15";"3254";"0";"1";"SmartPlug"
"2015-04-15 21:36:43.406";"10136";"2015-04-15 21:36:29.900";"CookerOn";"2015-04-15";"13";"0";"1";"SmartPlug"
"2015-04-15 21:38:05.502";"10136";"2015-04-15 21:36:59.603";"CookerOn";"2015-04-15";"65";"0";"1";"SmartPlug"
"2015-04-16 00:03:01.472";"10136";"2015-04-16 00:02:39.362";"TvOn";"2015-04-16";"22";"0";"1";"SmartPlug"
"2015-04-16 00:20:08.887";"10136";"2015-04-16 00:03:42.509";"TvOn";"2015-04-16";"986";"0";"1";"SmartPlug"
"2015-04-16 00:56:30.376";"10136";"2015-04-16 00:20:23.464";"TvOn";"2015-04-16";"2166";"0";"1";"SmartPlug"
"2015-04-16 09:40:42.789";"10136";"2015-04-16 09:38:23.571";"BoilerOn";"2015-04-16";"139";"0";"1";"SmartPlug"
"2015-04-16 09:42:11.130";"10136";"2015-04-16 09:41:21.079";"BoilerOn";"2015-04-16";"50";"0";"1";"SmartPlug"
"2015-04-16 09:43:43.688";"10136";"2015-04-16 09:43:06.046";"BoilerOn";"2015-04-16";"37";"0";"1";"SmartPlug"
"2015-04-16 15:23:48.481";"10136";"2015-04-16 15:16:29.070";"CookerOn";"2015-04-16";"439";"0";"1";"SmartPlug"
"2015-04-16 15:24:15.362";"10136";"2015-04-16 15:24:04.468";"CookerOn";"2015-04-16";"10";"0";"1";"SmartPlug"
"2015-04-16 15:26:53.652";"10136";"2015-04-16 15:24:43.969";"CookerOn";"2015-04-16";"129";"0";"1";"SmartPlug"
"2015-04-16 15:28:48.625";"10136";"2015-04-16 15:27:22.241";"CookerOn";"2015-04-16";"86";"0";"1";"SmartPlug"
"2015-04-16 15:30:38.128";"10136";"2015-04-16 15:29:03.912";"CookerOn";"2015-04-16";"94";"0";"1";"SmartPlug"
"2015-04-16 15:31:31.684";"10136";"2015-04-16 15:31:05.825";"CookerOn";"2015-04-16";"25";"0";"1";"SmartPlug"
"2015-04-16 15:33:33.806";"10136";"2015-04-16 15:31:56.857";"CookerOn";"2015-04-16";"96";"0";"1";"SmartPlug"
"2015-04-16 15:35:21.990";"10136";"2015-04-16 15:34:10.966";"CookerOn";"2015-04-16";"71";"0";"1";"SmartPlug"
"2015-04-16 15:36:59.906";"10136";"2015-04-16 15:36:03.220";"CookerOn";"2015-04-16";"56";"0";"1";"SmartPlug"
"2015-04-16 15:38:54.496";"10136";"2015-04-16 15:37:36.133";"CookerOn";"2015-04-16";"78";"0";"1";"SmartPlug"
"2015-04-16 15:42:52.390";"10136";"2015-04-16 15:40:40.982";"CookerOn";"2015-04-16";"131";"0";"1";"SmartPlug"
"2015-04-16 15:43:44.039";"10136";"2015-04-16 15:43:08.553";"CookerOn";"2015-04-16";"35";"0";"1";"SmartPlug"
"2015-04-16 15:45:43.055";"10136";"2015-04-16 15:44:23.781";"CookerOn";"2015-04-16";"79";"0";"1";"SmartPlug"
"2015-04-16 15:47:27.664";"10136";"2015-04-16 15:46:19.447";"CookerOn";"2015-04-16";"68";"0";"1";"SmartPlug"
"2015-04-16 15:49:25.423";"10136";"2015-04-16 15:48:17.044";"CookerOn";"2015-04-16";"68";"0";"1";"SmartPlug"
"2015-04-16 16:23:54.653";"10136";"2015-04-16 15:35:04.750";"TvOn";"2015-04-16";"2929";"0";"1";"SmartPlug"
"2015-04-16 16:25:34.191";"10136";"2015-04-16 16:24:25.441";"TvOn";"2015-04-16";"68";"0";"1";"SmartPlug"
"2015-04-20 16:43:31.152";"10136";"2015-04-20 16:42:35.183";"CookerOn";"2015-04-20";"55";"0";"1";"SmartPlug"
"2015-04-20 16:49:02.041";"10136";"2015-04-20 16:43:48.047";"CookerOn";"2015-04-20";"313";"0";"1";"SmartPlug"
"2015-04-20 21:02:09.623";"10136";"2015-04-20 21:01:20.157";"TvOn";"2015-04-20";"49";"0";"1";"SmartPlug"
"2015-04-20 21:20:34.219";"10136";"2015-04-20 21:13:50.296";"CookerOn";"2015-04-20";"403";"0";"1";"SmartPlug"
"2015-04-20 22:20:08.722";"10136";"2015-04-20 22:19:57.806";"BoilerOn";"2015-04-20";"10";"0";"1";"SmartPlug"
"2015-04-20 22:47:26.084";"10136";"2015-04-20 21:02:23.834";"TvOn";"2015-04-20";"6302";"0";"1";"SmartPlug"
"2015-04-20 22:47:52.987";"10136";"2015-04-20 22:47:42.067";"TvOn";"2015-04-20";"10";"0";"1";"SmartPlug"
"2015-04-20 22:50:51.377";"10136";"2015-04-20 22:48:19.757";"TvOn";"2015-04-20";"151";"0";"1";"SmartPlug"
"2015-04-20 22:51:27.263";"10136";"2015-04-20 22:51:16.361";"TvOn";"2015-04-20";"10";"0";"1";"SmartPlug"
"2015-04-20 23:03:50.398";"10136";"2015-04-20 22:51:52.869";"TvOn";"2015-04-20";"717";"0";"1";"SmartPlug"
"2015-04-20 23:17:25.263";"10136";"2015-04-20 23:04:08.503";"TvOn";"2015-04-20";"796";"0";"1";"SmartPlug"
"2015-04-20 23:55:41.126";"10136";"2015-04-20 23:17:39.718";"TvOn";"2015-04-20";"2281";"0";"1";"SmartPlug"
"2015-04-21 00:16:23.240";"10136";"2015-04-20 23:55:57.238";"TvOn";"2015-04-20";"1226";"0";"1";"SmartPlug"
"2015-04-21 00:44:49.845";"10136";"2015-04-21 00:16:37.785";"TvOn";"2015-04-21";"1692";"0";"1";"SmartPlug"
"2015-04-21 00:57:34.475";"10136";"2015-04-21 00:45:03.972";"TvOn";"2015-04-21";"750";"0";"1";"SmartPlug"
"2015-04-21 01:24:49.477";"10136";"2015-04-21 00:57:50.628";"TvOn";"2015-04-21";"1618";"0";"1";"SmartPlug"
"2015-04-21 01:25:15.481";"10136";"2015-04-21 01:25:04.564";"TvOn";"2015-04-21";"10";"0";"1";"SmartPlug"
"2015-04-21 01:27:55.974";"10136";"2015-04-21 01:25:29.456";"TvOn";"2015-04-21";"146";"0";"1";"SmartPlug"
"2015-04-21 01:30:16.660";"10136";"2015-04-21 01:28:20.784";"TvOn";"2015-04-21";"115";"0";"1";"SmartPlug"
"2015-04-21 01:32:02.485";"10136";"2015-04-21 01:30:32.679";"TvOn";"2015-04-21";"89";"0";"1";"SmartPlug"
"2015-04-21 01:34:59.642";"10136";"2015-04-21 01:32:17.375";"TvOn";"2015-04-21";"162";"0";"1";"SmartPlug"
"2015-04-21 10:20:44.448";"10136";"2015-04-21 10:20:22.296";"TvOn";"2015-04-21";"22";"0";"1";"SmartPlug"
"2015-04-21 10:41:57.630";"10136";"2015-04-21 10:39:54.567";"BoilerOn";"2015-04-21";"123";"0";"1";"SmartPlug"
"2015-04-21 10:43:18.546";"10136";"2015-04-21 10:42:34.362";"BoilerOn";"2015-04-21";"44";"0";"1";"SmartPlug"
"2015-04-21 10:59:17.502";"10136";"2015-04-21 10:20:58.529";"TvOn";"2015-04-21";"2298";"0";"1";"SmartPlug"
"2015-04-21 11:28:02.028";"10136";"2015-04-21 11:27:49.438";"IronOn";"2015-04-21";"12";"0";"1";"SmartPlug"
"2015-04-21 11:50:40.830";"10136";"2015-04-21 11:50:16.924";"VacuumOn";"2015-04-21";"23";"0";"1";"SmartPlug"
"2015-04-21 11:51:19.150";"10136";"2015-04-21 11:51:08.200";"VacuumOn";"2015-04-21";"10";"0";"1";"SmartPlug"
"2015-04-21 11:59:07.449";"10136";"2015-04-21 11:58:44.751";"VacuumOn";"2015-04-21";"22";"0";"1";"SmartPlug"
"2015-04-21 11:59:53.467";"10136";"2015-04-21 11:59:41.474";"VacuumOn";"2015-04-21";"11";"0";"1";"SmartPlug"
"2015-04-21 12:03:59.687";"10136";"2015-04-21 12:03:47.672";"VacuumOn";"2015-04-21";"12";"0";"1";"SmartPlug"
"2015-04-21 23:30:06.054";"10136";"2015-04-21 23:27:30.556";"BoilerOn";"2015-04-21";"155";"0";"1";"SmartPlug"
"2015-04-21 23:31:15.280";"10136";"2015-04-21 23:30:41.920";"BoilerOn";"2015-04-21";"33";"0";"1";"SmartPlug"
"2015-04-21 23:32:46.434";"10136";"2015-04-21 23:32:13.296";"BoilerOn";"2015-04-21";"33";"0";"1";"SmartPlug"
"2015-04-21 23:34:41.173";"10136";"2015-04-21 23:34:08.513";"BoilerOn";"2015-04-21";"32";"0";"1";"SmartPlug"
"2015-04-22 00:50:32.650";"10136";"2015-04-21 23:10:49.095";"TvOn";"2015-04-21";"5983";"0";"1";"SmartPlug"
"2015-04-22 00:52:00.539";"10136";"2015-04-22 00:51:47.268";"BoilerOn";"2015-04-22";"13";"0";"1";"SmartPlug"
"2015-04-22 00:54:06.065";"10136";"2015-04-22 00:50:47.782";"TvOn";"2015-04-22";"198";"0";"1";"SmartPlug"
"2015-04-22 10:02:25.346";"10136";"2015-04-22 09:59:59.726";"BoilerOn";"2015-04-22";"145";"0";"1";"SmartPlug"
"2015-04-22 10:03:45.589";"10136";"2015-04-22 10:03:12.340";"BoilerOn";"2015-04-22";"33";"0";"1";"SmartPlug"
"2015-04-22 10:05:30.161";"10136";"2015-04-22 10:05:16.756";"BoilerOn";"2015-04-22";"13";"0";"1";"SmartPlug"
"2015-04-22 17:39:34.381";"10136";"2015-04-22 17:36:47.694";"BoilerOn";"2015-04-22";"166";"0";"1";"SmartPlug"
"2015-04-22 17:40:54.701";"10136";"2015-04-22 17:40:22.041";"BoilerOn";"2015-04-22";"32";"0";"1";"SmartPlug"
"2015-04-22 18:24:22.996";"10136";"2015-04-22 15:39:37.516";"VacuumOn";"2015-04-22";"9885";"0";"1";"SmartPlug"
"2015-04-22 18:58:52.611";"10136";"2015-04-22 18:04:33.167";"TvOn";"2015-04-22";"3259";"0";"1";"SmartPlug"
"2015-04-22 23:14:07.363";"10136";"2015-04-22 23:09:32.687";"CookerOn";"2015-04-22";"274";"0";"1";"SmartPlug"
"2015-04-22 23:17:42.663";"10136";"2015-04-22 23:17:20.964";"TvOn";"2015-04-22";"21";"0";"1";"SmartPlug"
"2015-04-22 23:18:07.881";"10136";"2015-04-22 23:17:56.997";"TvOn";"2015-04-22";"10";"0";"1";"SmartPlug"
"2015-04-22 23:33:22.069";"10136";"2015-04-22 23:30:34.916";"BoilerOn";"2015-04-22";"167";"0";"1";"SmartPlug"
"2015-04-22 23:34:25.649";"10136";"2015-04-22 23:33:51.723";"BoilerOn";"2015-04-22";"33";"0";"1";"SmartPlug"
"2015-04-22 23:35:49.286";"10136";"2015-04-22 23:35:15.005";"BoilerOn";"2015-04-22";"34";"0";"1";"SmartPlug"
"2015-04-22 23:56:33.354";"10136";"2015-04-22 23:18:22.180";"TvOn";"2015-04-22";"2291";"0";"1";"SmartPlug"
"2015-04-23 00:57:46.968";"10136";"2015-04-22 23:56:58.461";"TvOn";"2015-04-22";"3648";"0";"1";"SmartPlug"
"2015-04-23 01:00:13.978";"10136";"2015-04-23 00:58:22.971";"TvOn";"2015-04-23";"111";"0";"1";"SmartPlug"
"2015-04-23 09:35:04.749";"10136";"2015-04-23 09:32:49.934";"BoilerOn";"2015-04-23";"134";"0";"1";"SmartPlug"
"2015-04-23 09:36:28.663";"10136";"2015-04-23 09:35:53.196";"BoilerOn";"2015-04-23";"35";"0";"1";"SmartPlug"
"2015-04-23 09:38:21.379";"10136";"2015-04-23 09:37:48.251";"BoilerOn";"2015-04-23";"33";"0";"1";"SmartPlug"
"2015-04-23 15:43:58.625";"10136";"2015-04-23 15:37:39.682";"CookerOn";"2015-04-23";"378";"0";"1";"SmartPlug"
"2015-04-23 18:06:25.220";"10136";"2015-04-23 18:01:21.835";"TvOn";"2015-04-23";"303";"0";"1";"SmartPlug"
"2015-04-23 18:09:00.360";"10136";"2015-04-23 18:07:40.617";"TvOn";"2015-04-23";"79";"0";"1";"SmartPlug"
"2015-04-23 18:45:59.945";"10136";"2015-04-23 18:29:18.524";"TvOn";"2015-04-23";"1001";"0";"1";"SmartPlug"
"2015-04-23 19:01:45.981";"10136";"2015-04-23 18:59:09.414";"BoilerOn";"2015-04-23";"156";"0";"1";"SmartPlug"
"2015-04-23 19:03:11.815";"10136";"2015-04-23 19:02:35.530";"BoilerOn";"2015-04-23";"36";"0";"1";"SmartPlug"
"2015-04-23 19:04:59.840";"10136";"2015-04-23 19:04:27.258";"BoilerOn";"2015-04-23";"32";"0";"1";"SmartPlug"
"2015-04-23 19:50:01.937";"10136";"2015-04-23 19:49:49.079";"BoilerOn";"2015-04-23";"12";"0";"1";"SmartPlug"
"2015-04-23 19:56:11.212";"10136";"2015-04-23 19:55:45.407";"BoilerOn";"2015-04-23";"25";"0";"1";"SmartPlug"
"2015-04-23 19:58:02.980";"10136";"2015-04-23 18:55:35.379";"TvOn";"2015-04-23";"3747";"0";"1";"SmartPlug"
"2015-04-23 20:00:35.289";"10136";"2015-04-23 20:00:22.576";"BoilerOn";"2015-04-23";"12";"0";"1";"SmartPlug"
"2015-04-23 21:04:21.829";"10136";"2015-04-23 19:58:17.525";"TvOn";"2015-04-23";"3964";"0";"1";"SmartPlug"
"2015-04-23 21:14:32.786";"10136";"2015-04-23 21:08:46.021";"CookerOn";"2015-04-23";"346";"0";"1";"SmartPlug"
"2015-04-23 21:59:31.233";"10136";"2015-04-23 21:04:35.930";"TvOn";"2015-04-23";"3295";"0";"1";"SmartPlug"
"2015-04-23 22:29:27.642";"10136";"2015-04-23 22:29:16.799";"BoilerOn";"2015-04-23";"10";"0";"1";"SmartPlug"
"2015-04-23 22:38:19.799";"10136";"2015-04-23 22:38:08.871";"BoilerOn";"2015-04-23";"10";"0";"1";"SmartPlug"
"2015-04-23 22:45:59.019";"10136";"2015-04-23 21:59:45.405";"TvOn";"2015-04-23";"2773";"0";"1";"SmartPlug"
"2015-04-23 22:50:24.365";"10136";"2015-04-23 22:46:13.623";"TvOn";"2015-04-23";"250";"0";"1";"SmartPlug"
"2015-04-23 23:09:26.569";"10136";"2015-04-23 22:50:51.360";"TvOn";"2015-04-23";"1115";"0";"1";"SmartPlug"
"2015-04-24 00:05:07.028";"10136";"2015-04-23 23:09:40.758";"TvOn";"2015-04-23";"3326";"0";"1";"SmartPlug"
"2015-04-24 00:07:15.818";"10136";"2015-04-24 00:05:21.229";"TvOn";"2015-04-24";"114";"0";"1";"SmartPlug"
"2015-04-24 00:18:37.355";"10136";"2015-04-24 00:18:25.628";"BoilerOn";"2015-04-24";"11";"0";"1";"SmartPlug"
"2015-04-24 00:58:40.358";"10136";"2015-04-24 00:07:36.653";"TvOn";"2015-04-24";"3063";"0";"1";"SmartPlug"
"2015-04-24 01:48:51.942";"10136";"2015-04-24 00:58:54.991";"TvOn";"2015-04-24";"2996";"0";"1";"SmartPlug"
"2015-04-24 10:15:03.044";"10136";"2015-04-24 10:12:29.292";"BoilerOn";"2015-04-24";"153";"0";"1";"SmartPlug"
"2015-04-24 10:16:12.304";"10136";"2015-04-24 10:15:39.555";"BoilerOn";"2015-04-24";"32";"0";"1";"SmartPlug"
"2015-04-24 10:17:49.109";"10136";"2015-04-24 10:17:13.343";"BoilerOn";"2015-04-24";"35";"0";"1";"SmartPlug"
"2015-04-24 10:19:46.141";"10136";"2015-04-24 10:19:23.563";"BoilerOn";"2015-04-24";"22";"0";"1";"SmartPlug"
"2015-04-24 12:12:36.469";"10136";"2015-04-24 11:48:48.590";"TvOn";"2015-04-24";"1427";"0";"1";"SmartPlug"
"2015-04-24 12:17:06.441";"10136";"2015-04-24 12:14:19.587";"TvOn";"2015-04-24";"166";"0";"1";"SmartPlug"
"2015-04-24 19:01:50.962";"10136";"2015-04-24 18:59:09.349";"BoilerOn";"2015-04-24";"161";"0";"1";"SmartPlug"
"2015-04-24 19:03:05.603";"10136";"2015-04-24 19:02:17.853";"BoilerOn";"2015-04-24";"47";"0";"1";"SmartPlug"
"2015-04-24 19:04:09.670";"10136";"2015-04-24 19:03:57.622";"BoilerOn";"2015-04-24";"12";"0";"1";"SmartPlug"
"2015-04-24 20:43:10.484";"10136";"2015-04-24 19:59:10.213";"TvOn";"2015-04-24";"2640";"0";"1";"SmartPlug"
"2015-04-24 20:54:21.165";"10136";"2015-04-24 20:43:29.415";"TvOn";"2015-04-24";"651";"0";"1";"SmartPlug"
"2015-04-24 22:07:18.854";"10136";"2015-04-24 20:54:35.417";"TvOn";"2015-04-24";"4363";"0";"1";"SmartPlug"
"2015-04-24 22:44:04.265";"10136";"2015-04-24 22:39:13.283";"CookerOn";"2015-04-24";"290";"0";"1";"SmartPlug"
"2015-04-24 22:56:37.048";"10136";"2015-04-24 22:07:33.317";"TvOn";"2015-04-24";"2943";"0";"1";"SmartPlug"
"2015-04-24 23:18:53.433";"10136";"2015-04-24 22:57:04.063";"TvOn";"2015-04-24";"1309";"0";"1";"SmartPlug"
"2015-04-24 23:33:08.381";"10136";"2015-04-24 23:19:20.835";"TvOn";"2015-04-24";"827";"0";"1";"SmartPlug"
"2015-04-24 23:52:07.702";"10136";"2015-04-24 23:33:22.836";"TvOn";"2015-04-24";"1124";"0";"1";"SmartPlug"
"2015-04-25 00:07:02.480";"10136";"2015-04-25 00:06:49.555";"BoilerOn";"2015-04-25";"12";"0";"1";"SmartPlug"
"2015-04-25 00:10:23.791";"10136";"2015-04-24 23:52:21.947";"TvOn";"2015-04-24";"1081";"0";"1";"SmartPlug"
"2015-04-25 00:17:09.543";"10136";"2015-04-25 00:10:38.358";"TvOn";"2015-04-25";"391";"0";"1";"SmartPlug"
"2015-04-25 00:17:56.793";"10136";"2015-04-25 00:17:23.965";"TvOn";"2015-04-25";"32";"0";"1";"SmartPlug"
"2015-04-25 00:50:09.499";"10136";"2015-04-25 00:18:11.004";"TvOn";"2015-04-25";"1918";"0";"1";"SmartPlug"
"2015-04-25 00:50:36.782";"10136";"2015-04-25 00:50:25.933";"TvOn";"2015-04-25";"10";"0";"1";"SmartPlug"
"2015-04-25 00:51:13.334";"10136";"2015-04-25 00:50:51.437";"TvOn";"2015-04-25";"21";"0";"1";"SmartPlug"
"2015-04-25 01:16:12.004";"10136";"2015-04-25 01:13:25.372";"BoilerOn";"2015-04-25";"166";"0";"1";"SmartPlug"
"2015-04-25 01:17:22.059";"10136";"2015-04-25 01:16:48.327";"BoilerOn";"2015-04-25";"33";"0";"1";"SmartPlug"
"2015-04-25 01:18:53.840";"10136";"2015-04-25 01:18:20.424";"BoilerOn";"2015-04-25";"33";"0";"1";"SmartPlug"
"2015-04-25 02:08:03.098";"10136";"2015-04-25 00:51:27.637";"TvOn";"2015-04-25";"4595";"0";"1";"SmartPlug"
"2015-04-25 11:35:13.306";"10136";"2015-04-25 11:32:34.029";"BoilerOn";"2015-04-25";"159";"0";"1";"SmartPlug"
"2015-04-25 11:36:34.378";"10136";"2015-04-25 11:35:49.705";"BoilerOn";"2015-04-25";"44";"0";"1";"SmartPlug"
"2015-04-25 11:37:53.980";"10136";"2015-04-25 11:37:20.998";"BoilerOn";"2015-04-25";"32";"0";"1";"SmartPlug"
"2015-04-25 11:39:47.006";"10136";"2015-04-25 11:39:14.445";"BoilerOn";"2015-04-25";"32";"0";"1";"SmartPlug"
"2015-04-25 14:49:35.627";"10136";"2015-04-25 14:48:02.348";"TvOn";"2015-04-25";"93";"0";"1";"SmartPlug"
"2015-04-25 16:37:20.792";"10136";"2015-04-25 14:50:01.227";"TvOn";"2015-04-25";"6439";"0";"1";"SmartPlug"
"2015-04-25 18:29:01.116";"10136";"2015-04-25 18:26:34.557";"BoilerOn";"2015-04-25";"146";"0";"1";"SmartPlug"
"2015-04-25 18:30:20.660";"10136";"2015-04-25 18:29:48.287";"BoilerOn";"2015-04-25";"32";"0";"1";"SmartPlug"
"2015-04-25 18:31:52.717";"10136";"2015-04-25 18:31:20.079";"BoilerOn";"2015-04-25";"32";"0";"1";"SmartPlug"
"2015-04-25 19:04:08.313";"10136";"2015-04-25 18:02:15.961";"TvOn";"2015-04-25";"3712";"0";"1";"SmartPlug"
"2015-04-26 01:25:44.773";"10136";"2015-04-26 01:10:30.438";"TvOn";"2015-04-26";"914";"0";"1";"SmartPlug"
"2015-04-26 01:33:04.949";"10136";"2015-04-26 01:25:59.061";"TvOn";"2015-04-26";"425";"0";"1";"SmartPlug"
"2015-04-26 11:34:22.059";"10136";"2015-04-26 11:32:06.202";"BoilerOn";"2015-04-26";"135";"0";"1";"SmartPlug"
"2015-04-26 11:35:42.746";"10136";"2015-04-26 11:34:59.210";"BoilerOn";"2015-04-26";"43";"0";"1";"SmartPlug"
"2015-04-26 11:37:16.080";"10136";"2015-04-26 11:36:32.558";"BoilerOn";"2015-04-26";"43";"0";"1";"SmartPlug"
"2015-04-26 11:39:08.326";"10136";"2015-04-26 11:38:57.402";"BoilerOn";"2015-04-26";"10";"0";"1";"SmartPlug"
"2015-04-26 14:16:20.401";"10136";"2015-04-26 14:08:42.883";"CookerOn";"2015-04-26";"457";"0";"1";"SmartPlug"
"2015-04-26 14:18:35.514";"10136";"2015-04-26 14:16:37.652";"CookerOn";"2015-04-26";"117";"0";"1";"SmartPlug"
"2015-04-26 14:20:50.761";"10136";"2015-04-26 14:19:11.670";"CookerOn";"2015-04-26";"99";"0";"1";"SmartPlug"
"2015-04-26 14:22:21.865";"10136";"2015-04-26 14:21:15.867";"CookerOn";"2015-04-26";"65";"0";"1";"SmartPlug"
"2015-04-26 14:24:21.259";"10136";"2015-04-26 14:23:04.244";"CookerOn";"2015-04-26";"77";"0";"1";"SmartPlug"
"2015-04-26 14:30:33.618";"10136";"2015-04-26 14:27:26.784";"CookerOn";"2015-04-26";"186";"0";"1";"SmartPlug"
"2015-04-26 23:12:28.921";"10136";"2015-04-26 23:10:05.410";"BoilerOn";"2015-04-26";"143";"0";"1";"SmartPlug"
"2015-04-26 23:13:49.741";"10136";"2015-04-26 23:13:17.125";"BoilerOn";"2015-04-26";"32";"0";"1";"SmartPlug"
"2015-04-26 23:15:33.644";"10136";"2015-04-26 23:15:00.695";"BoilerOn";"2015-04-26";"32";"0";"1";"SmartPlug"
"2015-04-26 23:55:32.681";"10136";"2015-04-26 23:53:57.736";"TvOn";"2015-04-26";"94";"0";"1";"SmartPlug"
"2015-04-26 23:56:01.425";"10136";"2015-04-26 23:55:49.598";"TvOn";"2015-04-26";"11";"0";"1";"SmartPlug"
"2015-04-26 23:59:07.138";"10136";"2015-04-26 23:56:16.491";"TvOn";"2015-04-26";"170";"0";"1";"SmartPlug"
"2015-04-27 00:00:00.524";"10136";"2015-04-26 23:59:22.746";"TvOn";"2015-04-26";"37";"0";"1";"SmartPlug"
"2015-04-27 00:00:27.825";"10136";"2015-04-27 00:00:16.986";"TvOn";"2015-04-27";"10";"0";"1";"SmartPlug"
"2015-04-27 00:01:26.666";"10136";"2015-04-27 00:00:42.580";"TvOn";"2015-04-27";"44";"0";"1";"SmartPlug"
"2015-04-27 00:01:51.951";"10136";"2015-04-27 00:01:41.056";"TvOn";"2015-04-27";"10";"0";"1";"SmartPlug"
"2015-04-27 00:02:20.341";"10136";"2015-04-27 00:02:09.569";"TvOn";"2015-04-27";"10";"0";"1";"SmartPlug"
"2015-04-27 00:04:46.282";"10136";"2015-04-27 00:02:52.401";"TvOn";"2015-04-27";"113";"0";"1";"SmartPlug"
"2015-04-27 00:06:22.215";"10136";"2015-04-27 00:05:01.326";"TvOn";"2015-04-27";"80";"0";"1";"SmartPlug"
"2015-04-27 00:58:34.923";"10136";"2015-04-27 00:43:30.953";"TvOn";"2015-04-27";"903";"0";"1";"SmartPlug"
"2015-04-27 10:41:54.398";"10136";"2015-04-27 10:39:32.902";"BoilerOn";"2015-04-27";"141";"0";"1";"SmartPlug"
"2015-04-27 10:43:03.679";"10136";"2015-04-27 10:42:30.974";"BoilerOn";"2015-04-27";"32";"0";"1";"SmartPlug"
"2015-04-27 10:44:25.166";"10136";"2015-04-27 10:43:51.828";"BoilerOn";"2015-04-27";"33";"0";"1";"SmartPlug"
"2015-04-27 10:46:10.470";"10136";"2015-04-27 10:45:37.232";"BoilerOn";"2015-04-27";"33";"0";"1";"SmartPlug"
"2015-04-27 22:33:27.100";"10136";"2015-04-27 22:30:25.202";"CookerOn";"2015-04-27";"181";"0";"1";"SmartPlug"
"2015-04-27 23:25:17.975";"10136";"2015-04-27 23:22:52.846";"BoilerOn";"2015-04-27";"145";"0";"1";"SmartPlug"
"2015-04-27 23:26:38.665";"10136";"2015-04-27 23:25:54.119";"BoilerOn";"2015-04-27";"44";"0";"1";"SmartPlug"
"2015-04-27 23:55:34.675";"10136";"2015-04-27 23:28:31.812";"TvOn";"2015-04-27";"1622";"0";"1";"SmartPlug"
"2015-04-27 23:56:21.658";"10136";"2015-04-27 23:55:49.120";"TvOn";"2015-04-27";"32";"0";"1";"SmartPlug"
"2015-04-28 01:58:51.945";"10136";"2015-04-27 23:56:40.319";"TvOn";"2015-04-27";"7331";"0";"1";"SmartPlug"
"2015-04-28 11:06:57.777";"10136";"2015-04-28 11:04:19.765";"BoilerOn";"2015-04-28";"158";"0";"1";"SmartPlug"
"2015-04-28 11:08:17.573";"10136";"2015-04-28 11:07:34.010";"BoilerOn";"2015-04-28";"43";"0";"1";"SmartPlug"
"2015-04-28 11:09:51.753";"10136";"2015-04-28 11:09:18.068";"BoilerOn";"2015-04-28";"33";"0";"1";"SmartPlug"
"2015-04-28 15:36:30.284";"10136";"2015-04-28 15:29:43.612";"CookerOn";"2015-04-28";"406";"0";"1";"SmartPlug"
"2015-04-28 15:38:43.468";"10136";"2015-04-28 15:36:56.822";"CookerOn";"2015-04-28";"106";"0";"1";"SmartPlug"
"2015-04-28 18:04:00.167";"10136";"2015-04-28 18:03:38.290";"TvOn";"2015-04-28";"21";"0";"1";"SmartPlug"
"2015-04-28 18:35:51.725";"10136";"2015-04-28 18:04:15.377";"TvOn";"2015-04-28";"1896";"0";"1";"SmartPlug"
"2015-04-28 22:16:02.518";"10136";"2015-04-28 22:14:32.557";"TvOn";"2015-04-28";"89";"0";"1";"SmartPlug"
"2015-04-28 23:43:57.463";"10136";"2015-04-28 23:41:20.553";"BoilerOn";"2015-04-28";"156";"0";"1";"SmartPlug"
"2015-04-28 23:45:21.389";"10136";"2015-04-28 23:44:45.056";"BoilerOn";"2015-04-28";"36";"0";"1";"SmartPlug"
"2015-04-28 23:45:40.552";"10136";"2015-04-28 23:40:39.812";"CookerOn";"2015-04-28";"300";"0";"1";"SmartPlug"
"2015-04-28 23:46:58.317";"10136";"2015-04-28 23:46:19.249";"BoilerOn";"2015-04-28";"39";"0";"1";"SmartPlug"
"2015-04-28 23:47:27.594";"10136";"2015-04-28 23:46:00.040";"CookerOn";"2015-04-28";"87";"0";"1";"SmartPlug"
"2015-04-28 23:55:57.829";"10136";"2015-04-28 22:16:17.074";"TvOn";"2015-04-28";"5980";"0";"1";"SmartPlug"
"2015-04-28 23:56:23.345";"10136";"2015-04-28 23:56:12.266";"TvOn";"2015-04-28";"11";"0";"1";"SmartPlug"
"2015-04-29 00:05:44.969";"10136";"2015-04-29 00:05:33.712";"BoilerOn";"2015-04-29";"11";"0";"1";"SmartPlug"
"2015-04-29 00:24:51.635";"10136";"2015-04-28 23:56:39.703";"TvOn";"2015-04-28";"1691";"0";"1";"SmartPlug"
"2015-04-29 00:29:55.723";"10136";"2015-04-29 00:25:07.989";"TvOn";"2015-04-29";"287";"0";"1";"SmartPlug"
"2015-04-29 00:54:46.456";"10136";"2015-04-29 00:30:10.710";"TvOn";"2015-04-29";"1475";"0";"1";"SmartPlug"
"2015-04-29 10:38:43.080";"10136";"2015-04-29 10:36:06.998";"BoilerOn";"2015-04-29";"156";"0";"1";"SmartPlug"
"2015-04-29 10:39:52.494";"10136";"2015-04-29 10:39:08.973";"BoilerOn";"2015-04-29";"43";"0";"1";"SmartPlug"
"2015-04-29 10:41:23.566";"10136";"2015-04-29 10:40:51.070";"BoilerOn";"2015-04-29";"32";"0";"1";"SmartPlug"
"2015-04-30 00:23:03.812";"10136";"2015-04-30 00:20:49.322";"BoilerOn";"2015-04-30";"134";"0";"1";"SmartPlug"
"2015-04-30 00:24:12.697";"10136";"2015-04-30 00:23:40.280";"BoilerOn";"2015-04-30";"32";"0";"1";"SmartPlug"
"2015-04-30 00:25:45.864";"10136";"2015-04-30 00:25:10.762";"BoilerOn";"2015-04-30";"35";"0";"1";"SmartPlug"
"2015-04-30 00:27:27.162";"10136";"2015-04-30 00:26:54.403";"BoilerOn";"2015-04-30";"32";"0";"1";"SmartPlug"
"2015-04-30 10:21:58.479";"10136";"2015-04-30 10:19:43.003";"BoilerOn";"2015-04-30";"135";"0";"1";"SmartPlug"
"2015-04-30 10:23:09.495";"10136";"2015-04-30 10:22:36.180";"BoilerOn";"2015-04-30";"33";"0";"1";"SmartPlug"
"2015-04-30 10:24:40.955";"10136";"2015-04-30 10:24:19.299";"BoilerOn";"2015-04-30";"21";"0";"1";"SmartPlug"
"2015-04-30 10:26:48.920";"10136";"2015-04-30 10:26:26.481";"BoilerOn";"2015-04-30";"22";"0";"1";"SmartPlug"
"2015-04-30 15:35:38.549";"10136";"2015-04-30 15:31:23.149";"CookerOn";"2015-04-30";"255";"0";"1";"SmartPlug"
"2015-04-30 15:38:12.703";"10136";"2015-04-30 15:35:53.226";"CookerOn";"2015-04-30";"139";"0";"1";"SmartPlug"
"2015-04-30 20:56:39.813";"10136";"2015-04-30 20:47:50.961";"TvOn";"2015-04-30";"528";"0";"1";"SmartPlug"
"2015-04-30 22:32:54.062";"10136";"2015-04-30 22:26:58.015";"CookerOn";"2015-04-30";"356";"0";"1";"SmartPlug"
"2015-04-30 23:33:00.417";"10136";"2015-04-30 23:30:47.744";"BoilerOn";"2015-04-30";"132";"0";"1";"SmartPlug"
"2015-04-30 23:34:11.379";"10136";"2015-04-30 23:33:37.515";"BoilerOn";"2015-04-30";"33";"0";"1";"SmartPlug"
"2015-04-30 23:35:36.920";"10136";"2015-04-30 23:35:03.743";"BoilerOn";"2015-04-30";"33";"0";"1";"SmartPlug"
"2015-04-30 23:45:54.468";"10136";"2015-04-30 23:40:59.351";"TvOn";"2015-04-30";"295";"0";"1";"SmartPlug"
"2015-04-30 23:55:52.224";"10136";"2015-04-30 23:46:09.157";"TvOn";"2015-04-30";"583";"0";"1";"SmartPlug"
"2015-05-01 00:00:57.580";"10136";"2015-04-30 23:56:06.901";"TvOn";"2015-04-30";"290";"0";"1";"SmartPlug"
"2015-05-01 00:37:59.475";"10136";"2015-05-01 00:01:12.434";"TvOn";"2015-05-01";"2207";"0";"1";"SmartPlug"
"2015-05-01 00:40:24.528";"10136";"2015-05-01 00:38:14.350";"TvOn";"2015-05-01";"130";"0";"1";"SmartPlug"
"2015-05-01 10:00:50.766";"10136";"2015-05-01 09:52:03.257";"CookerOn";"2015-05-01";"527";"0";"1";"SmartPlug"
"2015-05-01 10:02:48.274";"10136";"2015-05-01 10:01:05.543";"CookerOn";"2015-05-01";"102";"0";"1";"SmartPlug"
"2015-05-01 10:04:23.378";"10136";"2015-05-01 10:03:03.194";"CookerOn";"2015-05-01";"80";"0";"1";"SmartPlug"
"2015-05-01 10:06:19.559";"10136";"2015-05-01 10:04:59.804";"CookerOn";"2015-05-01";"79";"0";"1";"SmartPlug"
"2015-05-01 10:08:19.118";"10136";"2015-05-01 10:07:09.026";"CookerOn";"2015-05-01";"70";"0";"1";"SmartPlug"
"2015-05-01 10:10:40.335";"10136";"2015-05-01 10:09:08.620";"CookerOn";"2015-05-01";"91";"0";"1";"SmartPlug"
"2015-05-01 10:11:50.770";"10136";"2015-05-01 10:11:06.450";"CookerOn";"2015-05-01";"44";"0";"1";"SmartPlug"
"2015-05-01 10:13:35.642";"10136";"2015-05-01 10:12:17.663";"CookerOn";"2015-05-01";"77";"0";"1";"SmartPlug"
"2015-05-01 10:15:24.186";"10136";"2015-05-01 10:14:14.060";"CookerOn";"2015-05-01";"70";"0";"1";"SmartPlug"
"2015-05-01 10:16:25.703";"10136";"2015-05-01 10:16:14.863";"CookerOn";"2015-05-01";"10";"0";"1";"SmartPlug"
"2015-05-01 10:28:55.757";"10136";"2015-05-01 10:26:30.724";"BoilerOn";"2015-05-01";"145";"0";"1";"SmartPlug"
"2015-05-01 10:30:05.016";"10136";"2015-05-01 10:29:32.367";"BoilerOn";"2015-05-01";"32";"0";"1";"SmartPlug"
"2015-05-01 10:31:36.631";"10136";"2015-05-01 10:31:14.299";"BoilerOn";"2015-05-01";"22";"0";"1";"SmartPlug"
"2015-05-01 23:03:38.959";"10136";"2015-05-01 22:30:43.996";"TvOn";"2015-05-01";"1974";"0";"1";"SmartPlug"
"2015-05-02 00:03:17.864";"10136";"2015-05-01 23:03:56.354";"TvOn";"2015-05-01";"3561";"0";"1";"SmartPlug"
"2015-05-02 00:06:09.758";"10136";"2015-05-02 00:03:33.200";"TvOn";"2015-05-02";"156";"0";"1";"SmartPlug"
"2015-05-02 01:41:33.310";"10136";"2015-05-02 00:06:27.054";"TvOn";"2015-05-02";"5706";"0";"1";"SmartPlug"
"2015-05-02 10:46:00.830";"10136";"2015-05-02 10:43:26.948";"BoilerOn";"2015-05-02";"153";"0";"1";"SmartPlug"
"2015-05-02 10:47:14.228";"10136";"2015-05-02 10:46:38.364";"BoilerOn";"2015-05-02";"35";"0";"1";"SmartPlug"
"2015-05-02 10:48:51.392";"10136";"2015-05-02 10:48:15.589";"BoilerOn";"2015-05-02";"35";"0";"1";"SmartPlug"
"2015-05-02 10:50:46.469";"10136";"2015-05-02 10:50:35.664";"BoilerOn";"2015-05-02";"10";"0";"1";"SmartPlug"
"2015-05-02 14:56:24.370";"10136";"2015-05-02 14:51:48.044";"TvOn";"2015-05-02";"276";"0";"1";"SmartPlug"
"2015-05-02 15:29:48.614";"10136";"2015-05-02 14:56:39.204";"TvOn";"2015-05-02";"1989";"0";"1";"SmartPlug"
"2015-05-02 15:48:54.048";"10136";"2015-05-02 15:41:37.711";"CookerOn";"2015-05-02";"436";"0";"1";"SmartPlug"
"2015-05-02 23:19:51.598";"10136";"2015-05-02 23:07:47.868";"TvOn";"2015-05-02";"723";"0";"1";"SmartPlug"
"2015-05-02 23:29:04.415";"10136";"2015-05-02 23:20:40.715";"TvOn";"2015-05-02";"503";"0";"1";"SmartPlug"
"2015-05-02 23:52:02.579";"10136";"2015-05-02 23:29:19.310";"TvOn";"2015-05-02";"1363";"0";"1";"SmartPlug"
"2015-05-03 00:20:13.426";"10136";"2015-05-02 23:52:17.764";"TvOn";"2015-05-02";"1675";"0";"1";"SmartPlug"
"2015-05-03 00:36:02.585";"10136";"2015-05-03 00:20:28.704";"TvOn";"2015-05-03";"933";"0";"1";"SmartPlug"
"2015-05-03 00:36:39.250";"10136";"2015-05-03 00:36:17.517";"TvOn";"2015-05-03";"21";"0";"1";"SmartPlug"
"2015-05-03 11:51:28.542";"10136";"2015-05-03 11:49:02.380";"BoilerOn";"2015-05-03";"146";"0";"1";"SmartPlug"
"2015-05-03 11:52:30.693";"10136";"2015-05-03 11:51:56.168";"BoilerOn";"2015-05-03";"34";"0";"1";"SmartPlug"
"2015-05-03 11:53:52.133";"10136";"2015-05-03 11:53:19.406";"BoilerOn";"2015-05-03";"32";"0";"1";"SmartPlug"
"2015-05-03 11:55:13.098";"10136";"2015-05-03 11:54:51.298";"BoilerOn";"2015-05-03";"21";"0";"1";"SmartPlug"
"2015-05-03 11:57:33.204";"10136";"2015-05-03 11:57:09.940";"BoilerOn";"2015-05-03";"23";"0";"1";"SmartPlug"
"2015-05-03 16:40:23.472";"10136";"2015-05-03 16:32:29.768";"CookerOn";"2015-05-03";"473";"0";"1";"SmartPlug"
"2015-05-03 16:42:07.978";"10136";"2015-05-03 16:40:49.831";"CookerOn";"2015-05-03";"78";"0";"1";"SmartPlug"
"2015-05-03 16:45:49.803";"10136";"2015-05-03 16:43:42.166";"CookerOn";"2015-05-03";"127";"0";"1";"SmartPlug"
"2015-05-03 16:47:47.265";"10136";"2015-05-03 16:46:28.842";"CookerOn";"2015-05-03";"78";"0";"1";"SmartPlug"
"2015-05-03 16:48:49.003";"10136";"2015-05-03 16:48:25.318";"CookerOn";"2015-05-03";"23";"0";"1";"SmartPlug"
"2015-05-03 16:50:55.863";"10136";"2015-05-03 16:49:25.358";"CookerOn";"2015-05-03";"90";"0";"1";"SmartPlug"
"2015-05-03 16:52:08.695";"10136";"2015-05-03 16:51:34.404";"CookerOn";"2015-05-03";"34";"0";"1";"SmartPlug"
"2015-05-03 16:54:25.585";"10136";"2015-05-03 16:52:47.069";"CookerOn";"2015-05-03";"98";"0";"1";"SmartPlug"
"2015-05-03 17:01:32.138";"10136";"2015-05-03 17:00:02.410";"CookerOn";"2015-05-03";"89";"0";"1";"SmartPlug"
"2015-05-03 21:06:57.792";"10136";"2015-05-03 20:00:09.185";"TvOn";"2015-05-03";"4008";"0";"1";"SmartPlug"
"2015-05-03 22:02:07.564";"10136";"2015-05-03 21:56:27.021";"CookerOn";"2015-05-03";"340";"0";"1";"SmartPlug"
"2015-05-03 22:04:05.327";"10136";"2015-05-03 22:02:22.952";"CookerOn";"2015-05-03";"102";"0";"1";"SmartPlug"
"2015-05-03 22:40:59.136";"10136";"2015-05-03 21:07:13.198";"TvOn";"2015-05-03";"5625";"0";"1";"SmartPlug"
"2015-05-03 23:09:34.966";"10136";"2015-05-03 22:41:14.835";"TvOn";"2015-05-03";"1700";"0";"1";"SmartPlug"
"2015-05-03 23:23:14.617";"10136";"2015-05-03 23:09:50.967";"TvOn";"2015-05-03";"803";"0";"1";"SmartPlug"
"2015-05-04 01:13:21.961";"10136";"2015-05-03 23:23:30.026";"TvOn";"2015-05-03";"6591";"0";"1";"SmartPlug"
"2015-05-04 01:28:30.641";"10136";"2015-05-04 01:13:39.904";"TvOn";"2015-05-04";"890";"0";"1";"SmartPlug"
"2015-05-04 09:27:49.775";"10136";"2015-05-04 09:25:29.980";"BoilerOn";"2015-05-04";"139";"0";"1";"SmartPlug"
"2015-05-04 09:29:02.651";"10136";"2015-05-04 09:28:27.057";"BoilerOn";"2015-05-04";"35";"0";"1";"SmartPlug"
"2015-05-04 09:30:36.569";"10136";"2015-05-04 09:30:03.458";"BoilerOn";"2015-05-04";"33";"0";"1";"SmartPlug"
"2015-05-04 17:04:39.171";"10136";"2015-05-04 17:00:12.469";"CookerOn";"2015-05-04";"266";"0";"1";"SmartPlug"
"2015-05-04 17:07:21.076";"10136";"2015-05-04 17:04:54.502";"CookerOn";"2015-05-04";"146";"0";"1";"SmartPlug"
"2015-05-04 17:07:51.973";"10136";"2015-05-04 17:07:39.049";"CookerOn";"2015-05-04";"12";"0";"1";"SmartPlug"
"2015-05-04 22:11:49.701";"10136";"2015-05-04 22:04:47.972";"CookerOn";"2015-05-04";"421";"0";"1";"SmartPlug"
"2015-05-04 23:41:29.391";"10136";"2015-05-04 23:39:38.300";"TvOn";"2015-05-04";"111";"0";"1";"SmartPlug"
"2015-05-05 00:28:04.856";"10136";"2015-05-04 23:45:56.512";"TvOn";"2015-05-04";"2528";"0";"1";"SmartPlug"
"2015-05-05 00:29:59.021";"10136";"2015-05-05 00:28:19.918";"TvOn";"2015-05-05";"99";"0";"1";"SmartPlug"
"2015-05-05 00:38:00.690";"10136";"2015-05-05 00:30:17.648";"TvOn";"2015-05-05";"463";"0";"1";"SmartPlug"
"2015-05-05 00:52:14.566";"10136";"2015-05-05 00:38:19.775";"TvOn";"2015-05-05";"834";"0";"1";"SmartPlug"
"2015-05-05 09:56:41.206";"10136";"2015-05-05 09:54:14.963";"BoilerOn";"2015-05-05";"146";"0";"1";"SmartPlug"
"2015-05-05 09:57:41.534";"10136";"2015-05-05 09:57:07.055";"BoilerOn";"2015-05-05";"34";"0";"1";"SmartPlug"
"2015-05-05 09:59:06.748";"10136";"2015-05-05 09:58:42.175";"BoilerOn";"2015-05-05";"24";"0";"1";"SmartPlug"
"2015-05-05 10:00:55.025";"10136";"2015-05-05 10:00:21.111";"BoilerOn";"2015-05-05";"33";"0";"1";"SmartPlug"
"2015-05-05 16:54:20.853";"10136";"2015-05-05 16:48:17.695";"CookerOn";"2015-05-05";"363";"0";"1";"SmartPlug"
"2015-05-05 23:47:39.106";"10136";"2015-05-05 23:46:52.776";"TvOn";"2015-05-05";"46";"0";"1";"SmartPlug"
"2015-05-06 00:59:27.761";"10136";"2015-05-05 23:47:58.431";"TvOn";"2015-05-05";"4289";"0";"1";"SmartPlug"
"2015-05-06 01:00:37.741";"10136";"2015-05-06 00:59:42.893";"TvOn";"2015-05-06";"54";"0";"1";"SmartPlug"
"2015-05-06 10:07:39.237";"10136";"2015-05-06 10:05:06.031";"BoilerOn";"2015-05-06";"153";"0";"1";"SmartPlug"
"2015-05-06 10:08:59.726";"10136";"2015-05-06 10:08:15.982";"BoilerOn";"2015-05-06";"43";"0";"1";"SmartPlug"
"2015-05-06 10:10:31.806";"10136";"2015-05-06 10:09:59.267";"BoilerOn";"2015-05-06";"32";"0";"1";"SmartPlug"
"2015-05-06 10:12:36.892";"10136";"2015-05-06 10:12:15.338";"BoilerOn";"2015-05-06";"21";"0";"1";"SmartPlug"
"2015-05-06 22:16:41.284";"10136";"2015-05-06 22:10:30.452";"CookerOn";"2015-05-06";"370";"0";"1";"SmartPlug"
"2015-05-07 00:02:33.456";"10136";"2015-05-06 23:53:28.618";"TvOn";"2015-05-06";"544";"0";"1";"SmartPlug"
"2015-05-07 00:07:15.766";"10136";"2015-05-07 00:02:49.187";"TvOn";"2015-05-07";"266";"0";"1";"SmartPlug"
"2015-05-07 00:13:11.550";"10136";"2015-05-07 00:07:30.903";"TvOn";"2015-05-07";"340";"0";"1";"SmartPlug"
"2015-05-07 00:16:37.084";"10136";"2015-05-07 00:13:26.561";"TvOn";"2015-05-07";"190";"0";"1";"SmartPlug"
"2015-05-07 00:42:25.816";"10136";"2015-05-07 00:16:56.941";"TvOn";"2015-05-07";"1528";"0";"1";"SmartPlug"
"2015-05-07 00:43:16.250";"10136";"2015-05-07 00:42:54.628";"TvOn";"2015-05-07";"21";"0";"1";"SmartPlug"
"2015-05-07 00:45:20.920";"10136";"2015-05-07 00:43:31.315";"TvOn";"2015-05-07";"109";"0";"1";"SmartPlug"
"2015-05-07 00:55:05.330";"10136";"2015-05-07 00:45:47.413";"TvOn";"2015-05-07";"557";"0";"1";"SmartPlug"
"2015-05-07 00:56:04.587";"10136";"2015-05-07 00:55:20.363";"TvOn";"2015-05-07";"44";"0";"1";"SmartPlug"
"2015-05-07 00:57:08.322";"10136";"2015-05-07 00:56:23.287";"TvOn";"2015-05-07";"45";"0";"1";"SmartPlug"
"2015-05-07 00:57:58.130";"10136";"2015-05-07 00:57:23.732";"TvOn";"2015-05-07";"34";"0";"1";"SmartPlug"
"2015-05-07 10:31:41.670";"10136";"2015-05-07 10:29:15.385";"BoilerOn";"2015-05-07";"146";"0";"1";"SmartPlug"
"2015-05-07 10:32:51.529";"10136";"2015-05-07 10:32:18.873";"BoilerOn";"2015-05-07";"32";"0";"1";"SmartPlug"
"2015-05-07 10:34:24.236";"10136";"2015-05-07 10:34:01.859";"BoilerOn";"2015-05-07";"22";"0";"1";"SmartPlug"
"2015-05-07 11:25:58.165";"10136";"2015-05-07 11:18:37.555";"CookerOn";"2015-05-07";"440";"0";"1";"SmartPlug"
"2015-05-07 11:28:29.762";"10136";"2015-05-07 11:26:25.178";"CookerOn";"2015-05-07";"124";"0";"1";"SmartPlug"
"2015-05-07 11:30:26.307";"10136";"2015-05-07 11:28:44.934";"CookerOn";"2015-05-07";"101";"0";"1";"SmartPlug"
"2015-05-07 11:32:10.568";"10136";"2015-05-07 11:30:52.599";"CookerOn";"2015-05-07";"77";"0";"1";"SmartPlug"
"2015-05-07 11:34:04.956";"10136";"2015-05-07 11:32:48.809";"CookerOn";"2015-05-07";"76";"0";"1";"SmartPlug"
"2015-05-07 11:35:05.522";"10136";"2015-05-07 11:34:32.314";"CookerOn";"2015-05-07";"33";"0";"1";"SmartPlug"
"2015-05-07 11:37:50.065";"10136";"2015-05-07 11:35:55.408";"CookerOn";"2015-05-07";"114";"0";"1";"SmartPlug"
"2015-05-07 11:39:51.092";"10136";"2015-05-07 11:38:29.282";"CookerOn";"2015-05-07";"81";"0";"1";"SmartPlug"
"2015-05-07 11:41:36.862";"10136";"2015-05-07 11:40:28.223";"CookerOn";"2015-05-07";"68";"0";"1";"SmartPlug"
"2015-05-07 11:43:45.221";"10136";"2015-05-07 11:42:15.319";"CookerOn";"2015-05-07";"89";"0";"1";"SmartPlug"
"2015-05-07 11:44:53.513";"10136";"2015-05-07 11:44:41.100";"CookerOn";"2015-05-07";"12";"0";"1";"SmartPlug"
"2015-05-07 11:46:32.029";"10136";"2015-05-07 11:45:22.247";"CookerOn";"2015-05-07";"69";"0";"1";"SmartPlug"
"2015-05-07 11:47:33.112";"10136";"2015-05-07 11:47:08.794";"CookerOn";"2015-05-07";"24";"0";"1";"SmartPlug"
"2015-05-07 11:48:35.814";"10136";"2015-05-07 11:47:51.371";"CookerOn";"2015-05-07";"44";"0";"1";"SmartPlug"
"2015-05-07 15:22:40.588";"10136";"2015-05-07 15:18:31.138";"CookerOn";"2015-05-07";"249";"0";"1";"SmartPlug"
"2015-05-07 22:30:33.401";"10136";"2015-05-07 22:29:43.567";"TvOn";"2015-05-07";"49";"0";"1";"SmartPlug"
"2015-05-08 00:28:45.906";"10136";"2015-05-07 22:30:56.088";"TvOn";"2015-05-07";"7069";"0";"1";"SmartPlug"
"2015-05-08 09:12:23.028";"10136";"2015-05-08 09:09:56.477";"BoilerOn";"2015-05-08";"146";"0";"1";"SmartPlug"
"2015-05-08 09:13:45.069";"10136";"2015-05-08 09:13:01.014";"BoilerOn";"2015-05-08";"44";"0";"1";"SmartPlug"
"2015-05-08 09:15:12.589";"10136";"2015-05-08 09:14:37.909";"BoilerOn";"2015-05-08";"34";"0";"1";"SmartPlug"
"2015-05-08 09:17:27.836";"10136";"2015-05-08 09:16:55.053";"BoilerOn";"2015-05-08";"32";"0";"1";"SmartPlug"
"2015-05-08 19:01:34.586";"10136";"2015-05-08 19:01:21.828";"BoilerOn";"2015-05-08";"12";"0";"1";"SmartPlug"
"2015-05-08 19:52:00.936";"10136";"2015-05-08 18:17:24.429";"TvOn";"2015-05-08";"5676";"0";"1";"SmartPlug"
"2015-05-08 20:06:17.969";"10136";"2015-05-08 19:52:33.564";"TvOn";"2015-05-08";"824";"0";"1";"SmartPlug"
"2015-05-08 23:26:19.522";"10136";"2015-05-08 23:18:55.196";"CookerOn";"2015-05-08";"444";"0";"1";"SmartPlug"
"2015-05-08 23:31:15.105";"10136";"2015-05-08 23:30:30.979";"TvOn";"2015-05-08";"44";"0";"1";"SmartPlug"
"2015-05-08 23:49:28.761";"10136";"2015-05-08 23:31:31.231";"TvOn";"2015-05-08";"1077";"0";"1";"SmartPlug"
"2015-05-09 00:05:22.494";"10136";"2015-05-08 23:49:55.169";"TvOn";"2015-05-08";"927";"0";"1";"SmartPlug"
"2015-05-09 00:23:00.026";"10136";"2015-05-09 00:05:38.214";"TvOn";"2015-05-09";"1041";"0";"1";"SmartPlug"
"2015-05-09 00:25:26.201";"10136";"2015-05-09 00:23:15.271";"TvOn";"2015-05-09";"130";"0";"1";"SmartPlug"
"2015-05-09 00:26:03.710";"10136";"2015-05-09 00:25:41.665";"TvOn";"2015-05-09";"22";"0";"1";"SmartPlug"
"2015-05-09 00:38:58.128";"10136";"2015-05-09 00:26:18.869";"TvOn";"2015-05-09";"759";"0";"1";"SmartPlug"
"2015-05-09 01:20:54.063";"10136";"2015-05-09 01:03:12.886";"TvOn";"2015-05-09";"1061";"0";"1";"SmartPlug"
"2015-05-09 08:29:45.689";"10136";"2015-05-09 08:27:10.750";"BoilerOn";"2015-05-09";"154";"0";"1";"SmartPlug"
"2015-05-09 08:30:45.610";"10136";"2015-05-09 08:30:17.927";"BoilerOn";"2015-05-09";"27";"0";"1";"SmartPlug"
"2015-05-09 08:32:13.805";"10136";"2015-05-09 08:31:45.647";"BoilerOn";"2015-05-09";"28";"0";"1";"SmartPlug"
"2015-05-09 08:34:04.256";"10136";"2015-05-09 08:33:48.636";"BoilerOn";"2015-05-09";"15";"0";"1";"SmartPlug"
"2015-05-09 10:57:35.469";"10136";"2015-05-09 10:56:33.353";"VacuumOn";"2015-05-09";"62";"0";"1";"SmartPlug"
"2015-05-09 11:01:26.845";"10136";"2015-05-09 11:01:04.815";"VacuumOn";"2015-05-09";"22";"0";"1";"SmartPlug"
"2015-05-09 11:22:08.744";"10136";"2015-05-09 11:18:48.686";"VacuumOn";"2015-05-09";"200";"0";"1";"SmartPlug"
"2015-05-09 11:23:18.481";"10136";"2015-05-09 11:22:54.382";"VacuumOn";"2015-05-09";"24";"0";"1";"SmartPlug"
"2015-05-09 12:13:10.146";"10136";"2015-05-09 12:09:50.799";"VacuumOn";"2015-05-09";"199";"0";"1";"SmartPlug"
"2015-05-09 12:15:19.202";"10136";"2015-05-09 12:14:55.273";"VacuumOn";"2015-05-09";"23";"0";"1";"SmartPlug"
"2015-05-09 12:16:36.105";"10136";"2015-05-09 12:15:47.237";"VacuumOn";"2015-05-09";"48";"0";"1";"SmartPlug"
"2015-05-09 13:33:41.432";"10136";"2015-05-09 13:26:19.465";"VacuumOn";"2015-05-09";"441";"0";"1";"SmartPlug"
"2015-05-09 13:46:23.542";"10136";"2015-05-09 13:43:21.778";"VacuumOn";"2015-05-09";"181";"0";"1";"SmartPlug"
"2015-05-09 15:39:12.634";"10136";"2015-05-09 15:36:34.978";"WashingMachineOn";"2015-05-09";"157";"0";"1";"SmartPlug"
"2015-05-09 15:44:43.706";"10136";"2015-05-09 15:43:04.069";"CookerOn";"2015-05-09";"99";"0";"1";"SmartPlug"
"2015-05-09 15:44:57.361";"10136";"2015-05-09 15:40:15.549";"WashingMachineOn";"2015-05-09";"281";"0";"1";"SmartPlug"
"2015-05-09 15:48:31.840";"10136";"2015-05-09 15:45:03.437";"CookerOn";"2015-05-09";"208";"0";"1";"SmartPlug"
"2015-05-09 15:49:52.137";"10136";"2015-05-09 15:48:51.053";"CookerOn";"2015-05-09";"61";"0";"1";"SmartPlug"
"2015-05-09 15:50:05.749";"10136";"2015-05-09 15:47:32.064";"WashingMachineOn";"2015-05-09";"153";"0";"1";"SmartPlug"
"2015-05-09 16:38:41.542";"10136";"2015-05-09 15:53:07.294";"WashingMachineOn";"2015-05-09";"2734";"0";"1";"SmartPlug"
"2015-05-09 16:55:21.789";"10136";"2015-05-09 16:39:03.409";"WashingMachineOn";"2015-05-09";"978";"0";"1";"SmartPlug"
"2015-05-09 17:23:22.964";"10136";"2015-05-09 17:22:14.435";"WashingMachineOn";"2015-05-09";"68";"0";"1";"SmartPlug"
"2015-05-09 17:27:55.590";"10136";"2015-05-09 17:11:29.552";"TvOn";"2015-05-09";"986";"0";"1";"SmartPlug"
"2015-05-09 17:36:55.288";"10136";"2015-05-09 17:34:29.812";"WashingMachineOn";"2015-05-09";"145";"0";"1";"SmartPlug"
"2015-05-09 17:56:32.329";"10136";"2015-05-09 17:51:27.189";"WashingMachineOn";"2015-05-09";"305";"0";"1";"SmartPlug"
"2015-05-09 18:14:56.926";"10136";"2015-05-09 18:14:45.798";"BoilerOn";"2015-05-09";"11";"0";"1";"SmartPlug"
"2015-05-09 19:00:33.896";"10136";"2015-05-09 17:28:11.008";"TvOn";"2015-05-09";"5542";"0";"1";"SmartPlug"
"2015-05-09 19:01:12.576";"10136";"2015-05-09 19:01:01.185";"TvOn";"2015-05-09";"11";"0";"1";"SmartPlug"
"2015-05-09 19:03:14.038";"10136";"2015-05-09 19:01:28.500";"TvOn";"2015-05-09";"105";"0";"1";"SmartPlug"
"2015-05-09 19:13:57.768";"10136";"2015-05-09 19:03:29.769";"TvOn";"2015-05-09";"627";"0";"1";"SmartPlug"
"2015-05-09 19:16:13.214";"10136";"2015-05-09 19:14:13.078";"TvOn";"2015-05-09";"120";"0";"1";"SmartPlug"
"2015-05-09 19:22:24.649";"10136";"2015-05-09 19:16:34.781";"TvOn";"2015-05-09";"349";"0";"1";"SmartPlug"
"2015-05-09 20:01:49.446";"10136";"2015-05-09 19:56:52.693";"WashingMachineOn";"2015-05-09";"296";"0";"1";"SmartPlug"
"2015-05-09 20:27:56.287";"10136";"2015-05-09 20:27:43.572";"BoilerOn";"2015-05-09";"12";"0";"1";"SmartPlug"
"2015-05-09 20:29:43.939";"10136";"2015-05-09 20:29:33.037";"BoilerOn";"2015-05-09";"10";"0";"1";"SmartPlug"
"2015-05-09 20:41:37.142";"10136";"2015-05-09 20:41:26.334";"BoilerOn";"2015-05-09";"10";"0";"1";"SmartPlug"
"2015-05-09 21:51:19.805";"10136";"2015-05-09 19:22:39.927";"TvOn";"2015-05-09";"8919";"0";"1";"SmartPlug"
"2015-05-09 21:51:46.474";"10136";"2015-05-09 21:51:35.037";"TvOn";"2015-05-09";"11";"0";"1";"SmartPlug"
"2015-05-09 22:31:08.190";"10136";"2015-05-09 21:52:01.939";"TvOn";"2015-05-09";"2346";"0";"1";"SmartPlug"
"2015-05-09 22:33:14.773";"10136";"2015-05-09 22:31:23.578";"TvOn";"2015-05-09";"111";"0";"1";"SmartPlug"
"2015-05-09 23:16:47.556";"10136";"2015-05-09 23:16:35.530";"TvOn";"2015-05-09";"12";"0";"1";"SmartPlug"
"2015-05-09 23:22:39.868";"10136";"2015-05-09 23:17:03.728";"TvOn";"2015-05-09";"336";"0";"1";"SmartPlug"
"2015-05-09 23:25:02.079";"10136";"2015-05-09 23:22:57.297";"TvOn";"2015-05-09";"124";"0";"1";"SmartPlug"
"2015-05-09 23:44:29.960";"10136";"2015-05-09 23:25:17.737";"TvOn";"2015-05-09";"1152";"0";"1";"SmartPlug"
"2015-05-09 23:52:09.049";"10136";"2015-05-09 23:44:45.625";"TvOn";"2015-05-09";"443";"0";"1";"SmartPlug"
"2015-05-09 23:52:35.845";"10136";"2015-05-09 23:52:24.901";"TvOn";"2015-05-09";"10";"0";"1";"SmartPlug"
"2015-05-10 00:01:02.793";"10136";"2015-05-09 23:57:30.369";"TvOn";"2015-05-09";"212";"0";"1";"SmartPlug"
"2015-05-10 00:32:43.040";"10136";"2015-05-10 00:01:18.557";"TvOn";"2015-05-10";"1884";"0";"1";"SmartPlug"
"2015-05-10 12:45:07.622";"10136";"2015-05-10 12:43:02.304";"BoilerOn";"2015-05-10";"125";"0";"1";"SmartPlug"
"2015-05-10 12:46:22.300";"10136";"2015-05-10 12:45:55.924";"BoilerOn";"2015-05-10";"26";"0";"1";"SmartPlug"
"2015-05-10 12:47:48.345";"10136";"2015-05-10 12:47:20.554";"BoilerOn";"2015-05-10";"27";"0";"1";"SmartPlug"
"2015-05-10 15:41:42.111";"10136";"2015-05-10 15:35:24.525";"CookerOn";"2015-05-10";"377";"0";"1";"SmartPlug"
"2015-05-10 15:47:56.655";"10136";"2015-05-10 15:43:04.018";"CookerOn";"2015-05-10";"292";"0";"1";"SmartPlug"
"2015-05-10 15:49:38.643";"10136";"2015-05-10 15:48:18.334";"CookerOn";"2015-05-10";"80";"0";"1";"SmartPlug"
"2015-05-10 15:50:50.898";"10136";"2015-05-10 15:49:56.559";"CookerOn";"2015-05-10";"54";"0";"1";"SmartPlug"
"2015-05-10 15:54:44.848";"10136";"2015-05-10 15:52:29.701";"CookerOn";"2015-05-10";"135";"0";"1";"SmartPlug"
"2015-05-10 15:56:48.569";"10136";"2015-05-10 15:55:28.603";"CookerOn";"2015-05-10";"79";"0";"1";"SmartPlug"
"2015-05-10 15:57:33.765";"10136";"2015-05-10 15:57:05.787";"CookerOn";"2015-05-10";"27";"0";"1";"SmartPlug"
"2015-05-10 16:02:52.719";"10136";"2015-05-10 15:59:37.109";"CookerOn";"2015-05-10";"195";"0";"1";"SmartPlug"
"2015-05-10 16:04:42.195";"10136";"2015-05-10 16:03:23.105";"CookerOn";"2015-05-10";"79";"0";"1";"SmartPlug"
"2015-05-10 16:06:31.981";"10136";"2015-05-10 16:05:12.592";"CookerOn";"2015-05-10";"79";"0";"1";"SmartPlug"
"2015-05-10 20:41:11.679";"10136";"2015-05-10 20:32:15.872";"TvOn";"2015-05-10";"535";"0";"1";"SmartPlug"
"2015-05-10 21:52:34.852";"10136";"2015-05-10 20:41:39.977";"TvOn";"2015-05-10";"4254";"0";"1";"SmartPlug"
"2015-05-10 22:01:44.205";"10136";"2015-05-10 21:55:55.654";"CookerOn";"2015-05-10";"348";"0";"1";"SmartPlug"
"2015-05-10 22:48:49.596";"10136";"2015-05-10 21:52:53.811";"TvOn";"2015-05-10";"3355";"0";"1";"SmartPlug"
"2015-05-11 00:38:01.480";"10136";"2015-05-10 22:49:05.247";"TvOn";"2015-05-10";"6536";"0";"1";"SmartPlug"
"2015-05-11 00:43:52.864";"10136";"2015-05-11 00:38:17.567";"TvOn";"2015-05-11";"335";"0";"1";"SmartPlug"
"2015-05-11 00:45:36.627";"10136";"2015-05-11 00:44:08.253";"TvOn";"2015-05-11";"88";"0";"1";"SmartPlug"
"2015-05-11 01:00:11.533";"10136";"2015-05-11 00:45:52.591";"TvOn";"2015-05-11";"858";"0";"1";"SmartPlug"
"2015-05-11 09:24:44.867";"10136";"2015-05-11 09:22:25.504";"BoilerOn";"2015-05-11";"139";"0";"1";"SmartPlug"
"2015-05-11 09:25:49.687";"10136";"2015-05-11 09:25:21.476";"BoilerOn";"2015-05-11";"28";"0";"1";"SmartPlug"
"2015-05-11 09:27:31.277";"10136";"2015-05-11 09:26:49.546";"BoilerOn";"2015-05-11";"41";"0";"1";"SmartPlug"
"2015-05-11 10:00:33.903";"10136";"2015-05-11 09:59:52.744";"TvOn";"2015-05-11";"41";"0";"1";"SmartPlug"
"2015-05-11 10:11:06.004";"10136";"2015-05-11 10:10:51.265";"BoilerOn";"2015-05-11";"14";"0";"1";"SmartPlug"
"2015-05-11 10:28:20.558";"10136";"2015-05-11 10:00:52.223";"TvOn";"2015-05-11";"1648";"0";"1";"SmartPlug"
"2015-05-11 15:54:21.678";"10136";"2015-05-11 15:45:01.709";"CookerOn";"2015-05-11";"559";"0";"1";"SmartPlug"
"2015-05-11 18:43:19.112";"10136";"2015-05-11 18:41:07.381";"BoilerOn";"2015-05-11";"131";"0";"1";"SmartPlug"
"2015-05-11 18:44:41.219";"10136";"2015-05-11 18:44:08.801";"BoilerOn";"2015-05-11";"32";"0";"1";"SmartPlug"
"2015-05-11 18:46:13.942";"10136";"2015-05-11 18:45:41.215";"BoilerOn";"2015-05-11";"32";"0";"1";"SmartPlug"
"2015-05-11 18:48:33.205";"10136";"2015-05-11 18:48:10.740";"BoilerOn";"2015-05-11";"22";"0";"1";"SmartPlug"
"2015-05-11 19:07:09.459";"10136";"2015-05-11 18:08:04.959";"TvOn";"2015-05-11";"3544";"0";"1";"SmartPlug"
"2015-05-11 22:11:54.972";"10136";"2015-05-11 22:09:08.807";"CookerOn";"2015-05-11";"166";"0";"1";"SmartPlug"
"2015-05-11 22:25:47.167";"10136";"2015-05-11 21:44:50.730";"TvOn";"2015-05-11";"2456";"0";"1";"SmartPlug"
"2015-05-11 22:36:57.922";"10136";"2015-05-11 22:26:03.165";"TvOn";"2015-05-11";"654";"0";"1";"SmartPlug"
"2015-05-11 22:44:17.245";"10136";"2015-05-11 22:37:13.698";"TvOn";"2015-05-11";"423";"0";"1";"SmartPlug"
"2015-05-11 22:46:00.574";"10136";"2015-05-11 22:45:12.571";"TvOn";"2015-05-11";"48";"0";"1";"SmartPlug"
"2015-05-11 22:47:12.474";"10136";"2015-05-11 22:46:18.091";"TvOn";"2015-05-11";"54";"0";"1";"SmartPlug"
"2015-05-11 22:48:46.196";"10136";"2015-05-11 22:47:29.758";"TvOn";"2015-05-11";"76";"0";"1";"SmartPlug"
"2015-05-11 22:50:26.819";"10136";"2015-05-11 22:49:08.018";"TvOn";"2015-05-11";"78";"0";"1";"SmartPlug"
"2015-05-11 23:11:22.905";"10136";"2015-05-11 22:50:47.409";"TvOn";"2015-05-11";"1235";"0";"1";"SmartPlug"
"2015-05-11 23:13:20.346";"10136";"2015-05-11 23:11:39.412";"TvOn";"2015-05-11";"100";"0";"1";"SmartPlug"
"2015-05-11 23:17:21.319";"10136";"2015-05-11 23:13:35.677";"TvOn";"2015-05-11";"225";"0";"1";"SmartPlug"
"2015-05-11 23:17:48.211";"10136";"2015-05-11 23:17:36.784";"TvOn";"2015-05-11";"11";"0";"1";"SmartPlug"
"2015-05-11 23:18:26.485";"10136";"2015-05-11 23:18:04.808";"TvOn";"2015-05-11";"21";"0";"1";"SmartPlug"
"2015-05-12 00:07:46.768";"10136";"2015-05-11 23:19:05.857";"TvOn";"2015-05-11";"2920";"0";"1";"SmartPlug"
"2015-05-12 00:26:28.926";"10136";"2015-05-12 00:08:16.830";"TvOn";"2015-05-12";"1092";"0";"1";"SmartPlug"
"2015-05-12 01:02:08.971";"10136";"2015-05-12 00:26:47.777";"TvOn";"2015-05-12";"2121";"0";"1";"SmartPlug"
"2015-05-12 09:29:41.242";"10136";"2015-05-12 09:27:16.343";"BoilerOn";"2015-05-12";"144";"0";"1";"SmartPlug"
"2015-05-12 09:31:05.802";"10136";"2015-05-12 09:30:21.036";"BoilerOn";"2015-05-12";"44";"0";"1";"SmartPlug"
"2015-05-12 09:32:50.523";"10136";"2015-05-12 09:32:17.954";"BoilerOn";"2015-05-12";"32";"0";"1";"SmartPlug"
"2015-05-12 15:33:34.259";"10136";"2015-05-12 15:26:38.858";"CookerOn";"2015-05-12";"415";"0";"1";"SmartPlug"
"2015-05-12 15:36:04.195";"10136";"2015-05-12 15:33:54.629";"CookerOn";"2015-05-12";"129";"0";"1";"SmartPlug"
"2015-05-12 15:37:58.284";"10136";"2015-05-12 15:36:37.400";"CookerOn";"2015-05-12";"80";"0";"1";"SmartPlug"
"2015-05-12 15:39:39.098";"10136";"2015-05-12 15:38:30.548";"CookerOn";"2015-05-12";"68";"0";"1";"SmartPlug"
"2015-05-12 15:41:05.930";"10136";"2015-05-12 15:40:12.613";"CookerOn";"2015-05-12";"53";"0";"1";"SmartPlug"
"2015-05-12 15:42:07.867";"10136";"2015-05-12 15:41:40.020";"CookerOn";"2015-05-12";"27";"0";"1";"SmartPlug"
"2015-05-12 15:43:48.069";"10136";"2015-05-12 15:42:40.030";"CookerOn";"2015-05-12";"68";"0";"1";"SmartPlug"
"2015-05-12 15:45:02.864";"10136";"2015-05-12 15:44:20.818";"CookerOn";"2015-05-12";"42";"0";"1";"SmartPlug"
"2015-05-12 15:46:03.659";"10136";"2015-05-12 15:45:22.678";"CookerOn";"2015-05-12";"40";"0";"1";"SmartPlug"
"2015-05-12 15:47:45.862";"10136";"2015-05-12 15:46:52.129";"CookerOn";"2015-05-12";"53";"0";"1";"SmartPlug"
"2015-05-12 15:49:16.172";"10136";"2015-05-12 15:48:22.456";"CookerOn";"2015-05-12";"53";"0";"1";"SmartPlug"
"2015-05-12 15:50:57.794";"10136";"2015-05-12 15:50:02.541";"CookerOn";"2015-05-12";"55";"0";"1";"SmartPlug"
"2015-05-12 15:52:12.466";"10136";"2015-05-12 15:51:44.958";"CookerOn";"2015-05-12";"27";"0";"1";"SmartPlug"
"2015-05-12 22:11:44.781";"10136";"2015-05-12 21:54:08.121";"TvOn";"2015-05-12";"1056";"0";"1";"SmartPlug"
"2015-05-12 22:12:22.489";"10136";"2015-05-12 22:12:00.622";"TvOn";"2015-05-12";"21";"0";"1";"SmartPlug"
"2015-05-12 22:35:52.425";"10136";"2015-05-12 22:12:37.986";"TvOn";"2015-05-12";"1394";"0";"1";"SmartPlug"
"2015-05-12 22:58:44.088";"10136";"2015-05-12 22:36:08.555";"TvOn";"2015-05-12";"1355";"0";"1";"SmartPlug"
"2015-05-12 23:23:33.888";"10136";"2015-05-12 22:59:07.207";"TvOn";"2015-05-12";"1466";"0";"1";"SmartPlug"
"2015-05-13 09:06:35.538";"10136";"2015-05-13 09:04:19.099";"BoilerOn";"2015-05-13";"136";"0";"1";"SmartPlug"
"2015-05-13 09:07:58.440";"10136";"2015-05-13 09:07:24.280";"BoilerOn";"2015-05-13";"34";"0";"1";"SmartPlug"
"2015-05-13 09:09:33.120";"10136";"2015-05-13 09:08:58.696";"BoilerOn";"2015-05-13";"34";"0";"1";"SmartPlug"
"2015-05-13 09:11:44.380";"10136";"2015-05-13 09:11:22.285";"BoilerOn";"2015-05-13";"22";"0";"1";"SmartPlug"
"2015-05-13 21:23:37.689";"10136";"2015-05-13 21:21:20.067";"TvOn";"2015-05-13";"137";"0";"1";"SmartPlug"
"2015-05-13 22:04:33.279";"10136";"2015-05-13 21:23:53.265";"TvOn";"2015-05-13";"2440";"0";"1";"SmartPlug"
"2015-05-13 22:08:38.836";"10136";"2015-05-13 22:04:50.089";"TvOn";"2015-05-13";"228";"0";"1";"SmartPlug"
"2015-05-13 22:40:11.895";"10136";"2015-05-13 22:33:08.636";"CookerOn";"2015-05-13";"423";"0";"1";"SmartPlug"
"2015-05-13 23:06:34.606";"10136";"2015-05-13 22:08:56.831";"TvOn";"2015-05-13";"3457";"0";"1";"SmartPlug"
"2015-05-13 23:31:12.561";"10136";"2015-05-13 23:06:50.752";"TvOn";"2015-05-13";"1461";"0";"1";"SmartPlug"
"2015-05-13 23:32:12.136";"10136";"2015-05-13 23:31:28.138";"TvOn";"2015-05-13";"43";"0";"1";"SmartPlug"
"2015-05-13 23:41:51.354";"10136";"2015-05-13 23:32:27.634";"TvOn";"2015-05-13";"563";"0";"1";"SmartPlug"
"2015-05-14 11:04:00.306";"10136";"2015-05-14 11:01:48.010";"BoilerOn";"2015-05-14";"132";"0";"1";"SmartPlug"
"2015-05-14 11:05:12.759";"10136";"2015-05-14 11:04:37.803";"BoilerOn";"2015-05-14";"34";"0";"1";"SmartPlug"
"2015-05-14 11:06:39.737";"10136";"2015-05-14 11:06:16.838";"BoilerOn";"2015-05-14";"22";"0";"1";"SmartPlug"
"2015-05-14 13:13:56.525";"10136";"2015-05-14 13:11:53.708";"BoilerOn";"2015-05-14";"122";"0";"1";"SmartPlug"
"2015-05-14 13:15:29.405";"10136";"2015-05-14 13:14:56.001";"BoilerOn";"2015-05-14";"33";"0";"1";"SmartPlug"
"2015-05-14 13:16:52.909";"10136";"2015-05-14 13:16:19.006";"BoilerOn";"2015-05-14";"33";"0";"1";"SmartPlug"
"2015-05-14 13:18:07.871";"10136";"2015-05-14 13:17:55.056";"BoilerOn";"2015-05-14";"12";"0";"1";"SmartPlug"
"2015-05-14 14:55:03.203";"10136";"2015-05-14 14:47:55.607";"CookerOn";"2015-05-14";"427";"0";"1";"SmartPlug"
"2015-05-14 14:59:00.869";"10136";"2015-05-14 14:56:32.199";"CookerOn";"2015-05-14";"148";"0";"1";"SmartPlug"
"2015-05-14 15:01:12.245";"10136";"2015-05-14 14:59:41.707";"CookerOn";"2015-05-14";"90";"0";"1";"SmartPlug"
"2015-05-14 15:02:01.033";"10136";"2015-05-14 14:02:57.344";"TvOn";"2015-05-14";"3543";"0";"1";"SmartPlug"
"2015-05-14 15:03:17.237";"10136";"2015-05-14 15:01:52.994";"CookerOn";"2015-05-14";"84";"0";"1";"SmartPlug"
"2015-05-14 15:05:14.888";"10136";"2015-05-14 15:03:54.372";"CookerOn";"2015-05-14";"80";"0";"1";"SmartPlug"
"2015-05-14 15:07:00.674";"10136";"2015-05-14 15:05:53.185";"CookerOn";"2015-05-14";"67";"0";"1";"SmartPlug"
"2015-05-14 15:09:00.623";"10136";"2015-05-14 15:07:48.600";"CookerOn";"2015-05-14";"72";"0";"1";"SmartPlug"
"2015-05-14 15:09:59.076";"10136";"2015-05-14 15:02:16.956";"TvOn";"2015-05-14";"462";"0";"1";"SmartPlug"
"2015-05-14 15:10:51.015";"10136";"2015-05-14 15:09:39.569";"CookerOn";"2015-05-14";"71";"0";"1";"SmartPlug"
"2015-05-14 15:12:37.905";"10136";"2015-05-14 15:11:29.123";"CookerOn";"2015-05-14";"68";"0";"1";"SmartPlug"
"2015-05-14 15:14:14.682";"10136";"2015-05-14 15:13:15.707";"CookerOn";"2015-05-14";"58";"0";"1";"SmartPlug"
"2015-05-14 15:15:52.239";"10136";"2015-05-14 15:14:54.028";"CookerOn";"2015-05-14";"58";"0";"1";"SmartPlug"
"2015-05-14 15:23:11.288";"10136";"2015-05-14 15:20:21.801";"CookerOn";"2015-05-14";"169";"0";"1";"SmartPlug"
"2015-05-14 15:24:51.622";"10136";"2015-05-14 15:24:04.301";"CookerOn";"2015-05-14";"47";"0";"1";"SmartPlug"
"2015-05-14 15:39:55.024";"10136";"2015-05-14 15:38:45.864";"CookerOn";"2015-05-14";"69";"0";"1";"SmartPlug"
"2015-05-14 16:35:54.947";"10136";"2015-05-14 15:10:25.746";"TvOn";"2015-05-14";"5129";"0";"1";"SmartPlug"
"2015-05-14 20:56:57.393";"10136";"2015-05-14 20:56:42.825";"TvOn";"2015-05-14";"14";"0";"1";"SmartPlug"
"2015-05-14 21:35:02.268";"10136";"2015-05-14 21:29:33.963";"CookerOn";"2015-05-14";"328";"0";"1";"SmartPlug"
"2015-05-14 22:02:01.817";"10136";"2015-05-14 20:57:14.943";"TvOn";"2015-05-14";"3886";"0";"1";"SmartPlug"
"2015-05-14 23:04:52.257";"10136";"2015-05-14 22:02:18.247";"TvOn";"2015-05-14";"3754";"0";"1";"SmartPlug"
"2015-05-14 23:06:21.021";"10136";"2015-05-14 23:05:13.458";"TvOn";"2015-05-14";"67";"0";"1";"SmartPlug"
"2015-05-14 23:10:32.821";"10136";"2015-05-14 23:06:37.008";"TvOn";"2015-05-14";"235";"0";"1";"SmartPlug"
"2015-05-14 23:13:24.445";"10136";"2015-05-14 23:10:48.830";"TvOn";"2015-05-14";"155";"0";"1";"SmartPlug"
"2015-05-14 23:28:00.007";"10136";"2015-05-14 23:13:40.188";"TvOn";"2015-05-14";"859";"0";"1";"SmartPlug"
"2015-05-14 23:29:33.995";"10136";"2015-05-14 23:28:26.644";"TvOn";"2015-05-14";"67";"0";"1";"SmartPlug"
"2015-05-14 23:31:40.844";"10136";"2015-05-14 23:29:49.516";"TvOn";"2015-05-14";"111";"0";"1";"SmartPlug"
"2015-05-14 23:33:58.121";"10136";"2015-05-14 23:31:56.485";"TvOn";"2015-05-14";"121";"0";"1";"SmartPlug"
"2015-05-14 23:40:09.027";"10136";"2015-05-14 23:34:25.291";"TvOn";"2015-05-14";"343";"0";"1";"SmartPlug"
"2015-05-15 00:02:27.711";"10136";"2015-05-14 23:40:25.235";"TvOn";"2015-05-14";"1322";"0";"1";"SmartPlug"
"2015-05-15 00:07:29.864";"10136";"2015-05-15 00:02:43.927";"TvOn";"2015-05-15";"285";"0";"1";"SmartPlug"
"2015-05-15 00:26:50.249";"10136";"2015-05-15 00:24:34.039";"BoilerOn";"2015-05-15";"136";"0";"1";"SmartPlug"
"2015-05-15 00:28:02.840";"10136";"2015-05-15 00:27:18.571";"BoilerOn";"2015-05-15";"44";"0";"1";"SmartPlug"
"2015-05-15 00:29:16.815";"10136";"2015-05-15 00:28:41.569";"BoilerOn";"2015-05-15";"35";"0";"1";"SmartPlug"
"2015-05-15 00:30:18.809";"10136";"2015-05-15 00:29:56.709";"BoilerOn";"2015-05-15";"22";"0";"1";"SmartPlug"
"2015-05-15 00:30:46.032";"10136";"2015-05-15 00:30:34.836";"BoilerOn";"2015-05-15";"11";"0";"1";"SmartPlug"
"2015-05-15 00:32:19.278";"10136";"2015-05-15 00:32:08.273";"BoilerOn";"2015-05-15";"11";"0";"1";"SmartPlug"
"2015-05-15 00:53:24.139";"10136";"2015-05-15 00:07:45.883";"TvOn";"2015-05-15";"2738";"0";"1";"SmartPlug"
"2015-05-15 00:54:12.664";"10136";"2015-05-15 00:53:50.765";"TvOn";"2015-05-15";"21";"0";"1";"SmartPlug"
"2015-05-15 01:03:06.996";"10136";"2015-05-15 00:54:28.957";"TvOn";"2015-05-15";"518";"0";"1";"SmartPlug"
"2015-05-15 10:24:09.451";"10136";"2015-05-15 10:21:58.942";"BoilerOn";"2015-05-15";"130";"0";"1";"SmartPlug"
"2015-05-15 10:25:20.524";"10136";"2015-05-15 10:24:47.341";"BoilerOn";"2015-05-15";"33";"0";"1";"SmartPlug"
"2015-05-15 10:26:55.073";"10136";"2015-05-15 10:26:20.682";"BoilerOn";"2015-05-15";"34";"0";"1";"SmartPlug"
"2015-05-15 10:28:49.629";"10136";"2015-05-15 10:28:27.169";"BoilerOn";"2015-05-15";"22";"0";"1";"SmartPlug"
"2015-05-15 11:59:42.917";"10136";"2015-05-15 11:57:30.352";"BoilerOn";"2015-05-15";"132";"0";"1";"SmartPlug"
"2015-05-15 12:01:42.109";"10136";"2015-05-15 12:01:08.871";"BoilerOn";"2015-05-15";"33";"0";"1";"SmartPlug"
"2015-05-15 12:02:58.616";"10136";"2015-05-15 12:02:22.236";"BoilerOn";"2015-05-15";"36";"0";"1";"SmartPlug"
"2015-05-15 12:04:23.049";"10136";"2015-05-15 12:03:48.790";"BoilerOn";"2015-05-15";"34";"0";"1";"SmartPlug"
"2015-05-15 12:06:13.760";"10136";"2015-05-15 12:05:49.652";"BoilerOn";"2015-05-15";"24";"0";"1";"SmartPlug"
"2015-05-15 12:41:51.382";"10136";"2015-05-15 12:39:25.622";"BoilerOn";"2015-05-15";"145";"0";"1";"SmartPlug"
"2015-05-15 12:42:47.607";"10136";"2015-05-15 12:42:12.828";"BoilerOn";"2015-05-15";"34";"0";"1";"SmartPlug"
"2015-05-15 12:43:51.221";"10136";"2015-05-15 12:43:15.875";"BoilerOn";"2015-05-15";"35";"0";"1";"SmartPlug"
"2015-05-15 12:44:54.312";"10136";"2015-05-15 12:44:30.648";"BoilerOn";"2015-05-15";"23";"0";"1";"SmartPlug"
"2015-05-15 12:46:15.667";"10136";"2015-05-15 12:45:39.919";"BoilerOn";"2015-05-15";"35";"0";"1";"SmartPlug"
"2015-05-15 12:47:52.318";"10136";"2015-05-15 12:47:17.160";"BoilerOn";"2015-05-15";"35";"0";"1";"SmartPlug"
"2015-05-15 12:50:02.525";"10136";"2015-05-15 12:49:51.232";"BoilerOn";"2015-05-15";"11";"0";"1";"SmartPlug"
"2015-05-15 14:09:15.217";"10136";"2015-05-15 14:08:27.063";"TvOn";"2015-05-15";"48";"0";"1";"SmartPlug"
"2015-05-15 14:58:52.962";"10136";"2015-05-15 14:09:31.087";"TvOn";"2015-05-15";"2961";"0";"1";"SmartPlug"
"2015-05-15 14:59:01.016";"10136";"2015-05-15 14:57:22.517";"CookerOn";"2015-05-15";"98";"0";"1";"SmartPlug"
"2015-05-15 15:08:47.671";"10136";"2015-05-15 14:59:13.302";"TvOn";"2015-05-15";"574";"0";"1";"SmartPlug"
"2015-05-16 00:07:59.566";"10136";"2015-05-16 00:06:28.761";"TvOn";"2015-05-16";"90";"0";"1";"SmartPlug"
"2015-05-16 00:08:49.345";"10136";"2015-05-16 00:08:16.740";"TvOn";"2015-05-16";"32";"0";"1";"SmartPlug"
"2015-05-16 00:14:34.834";"10136";"2015-05-16 00:09:11.864";"TvOn";"2015-05-16";"322";"0";"1";"SmartPlug"
"2015-05-16 00:17:34.857";"10136";"2015-05-16 00:14:50.367";"TvOn";"2015-05-16";"164";"0";"1";"SmartPlug"
"2015-05-16 00:34:04.057";"10136";"2015-05-16 00:17:50.544";"TvOn";"2015-05-16";"973";"0";"1";"SmartPlug"
"2015-05-16 00:57:50.543";"10136";"2015-05-16 00:34:26.628";"TvOn";"2015-05-16";"1403";"0";"1";"SmartPlug"
"2015-05-16 01:01:02.591";"10136";"2015-05-16 00:58:06.330";"TvOn";"2015-05-16";"176";"0";"1";"SmartPlug"
"2015-05-16 01:06:13.756";"10136";"2015-05-16 01:01:19.609";"TvOn";"2015-05-16";"294";"0";"1";"SmartPlug"
"2015-05-16 01:07:45.857";"10136";"2015-05-16 01:07:35.031";"TvOn";"2015-05-16";"10";"0";"1";"SmartPlug"
"2015-05-16 01:08:34.173";"10136";"2015-05-16 01:08:12.550";"TvOn";"2015-05-16";"21";"0";"1";"SmartPlug"
"2015-05-16 01:09:11.693";"10136";"2015-05-16 01:09:00.688";"TvOn";"2015-05-16";"11";"0";"1";"SmartPlug"
"2015-05-16 01:19:37.605";"10136";"2015-05-16 01:09:45.219";"TvOn";"2015-05-16";"592";"0";"1";"SmartPlug"
"2015-05-16 10:02:48.049";"10136";"2015-05-16 10:00:34.911";"BoilerOn";"2015-05-16";"133";"0";"1";"SmartPlug"
"2015-05-16 10:03:52.107";"10136";"2015-05-16 10:03:17.681";"BoilerOn";"2015-05-16";"34";"0";"1";"SmartPlug"
"2015-05-16 10:05:14.566";"10136";"2015-05-16 10:04:41.076";"BoilerOn";"2015-05-16";"33";"0";"1";"SmartPlug"
"2015-05-16 10:06:40.655";"10136";"2015-05-16 10:06:18.382";"BoilerOn";"2015-05-16";"22";"0";"1";"SmartPlug"
"2015-05-16 16:49:23.363";"10136";"2015-05-16 16:42:50.178";"CookerOn";"2015-05-16";"393";"0";"1";"SmartPlug"
"2015-05-16 19:03:32.381";"10136";"2015-05-16 18:53:03.130";"TvOn";"2015-05-16";"629";"0";"1";"SmartPlug"
"2015-05-16 19:54:10.395";"10136";"2015-05-16 19:03:50.054";"TvOn";"2015-05-16";"3020";"0";"1";"SmartPlug"
"2015-05-16 20:00:55.287";"10136";"2015-05-16 19:54:30.442";"TvOn";"2015-05-16";"384";"0";"1";"SmartPlug"
"2015-05-16 21:25:57.225";"10136";"2015-05-16 20:01:15.559";"TvOn";"2015-05-16";"5081";"0";"1";"SmartPlug"
"2015-05-16 22:07:59.478";"10136";"2015-05-16 21:26:23.574";"TvOn";"2015-05-16";"2495";"0";"1";"SmartPlug"
"2015-05-16 22:55:00.750";"10136";"2015-05-16 22:08:15.154";"TvOn";"2015-05-16";"2805";"0";"1";"SmartPlug"
"2015-05-16 23:02:50.060";"10136";"2015-05-16 22:51:55.059";"CookerOn";"2015-05-16";"655";"0";"1";"SmartPlug"
"2015-05-16 23:05:40.442";"10136";"2015-05-16 23:03:05.869";"CookerOn";"2015-05-16";"154";"0";"1";"SmartPlug"
"2015-05-16 23:07:36.696";"10136";"2015-05-16 23:06:07.556";"CookerOn";"2015-05-16";"89";"0";"1";"SmartPlug"
"2015-05-16 23:09:41.892";"10136";"2015-05-16 23:08:03.943";"CookerOn";"2015-05-16";"97";"0";"1";"SmartPlug"
"2015-05-16 23:11:37.199";"10136";"2015-05-16 23:10:08.581";"CookerOn";"2015-05-16";"88";"0";"1";"SmartPlug"
"2015-05-16 23:13:23.211";"10136";"2015-05-16 23:12:04.834";"CookerOn";"2015-05-16";"78";"0";"1";"SmartPlug"
"2015-05-16 23:14:55.764";"10136";"2015-05-16 23:13:38.801";"CookerOn";"2015-05-16";"76";"0";"1";"SmartPlug"
"2015-05-16 23:16:30.540";"10136";"2015-05-16 23:15:35.713";"CookerOn";"2015-05-16";"54";"0";"1";"SmartPlug"
"2015-05-16 23:18:21.424";"10136";"2015-05-16 23:17:14.201";"CookerOn";"2015-05-16";"67";"0";"1";"SmartPlug"
"2015-05-16 23:20:06.324";"10136";"2015-05-16 23:19:11.431";"CookerOn";"2015-05-16";"54";"0";"1";"SmartPlug"
"2015-05-16 23:21:50.702";"10136";"2015-05-16 23:20:55.919";"CookerOn";"2015-05-16";"54";"0";"1";"SmartPlug"
"2015-05-16 23:23:47.122";"10136";"2015-05-16 23:22:39.160";"CookerOn";"2015-05-16";"67";"0";"1";"SmartPlug"
"2015-05-16 23:25:56.245";"10136";"2015-05-16 23:24:39.009";"CookerOn";"2015-05-16";"77";"0";"1";"SmartPlug"
"2015-05-16 23:27:42.351";"10136";"2015-05-16 23:26:56.708";"CookerOn";"2015-05-16";"45";"0";"1";"SmartPlug"
"2015-05-16 23:29:37.737";"10136";"2015-05-16 23:28:42.501";"CookerOn";"2015-05-16";"55";"0";"1";"SmartPlug"
"2015-05-16 23:31:32.689";"10136";"2015-05-16 23:30:27.228";"CookerOn";"2015-05-16";"65";"0";"1";"SmartPlug"
"2015-05-16 23:33:38.617";"10136";"2015-05-16 23:32:43.196";"CookerOn";"2015-05-16";"55";"0";"1";"SmartPlug"
"2015-05-16 23:35:43.097";"10136";"2015-05-16 23:34:48.708";"CookerOn";"2015-05-16";"54";"0";"1";"SmartPlug"
"2015-05-16 23:37:40.187";"10136";"2015-05-16 23:36:42.899";"CookerOn";"2015-05-16";"57";"0";"1";"SmartPlug"
"2015-05-16 23:39:48.617";"10136";"2015-05-16 23:38:53.886";"CookerOn";"2015-05-16";"54";"0";"1";"SmartPlug"
"2015-05-16 23:41:42.786";"10136";"2015-05-16 23:40:47.892";"CookerOn";"2015-05-16";"54";"0";"1";"SmartPlug"
"2015-05-16 23:43:28.101";"10136";"2015-05-16 23:42:42.122";"CookerOn";"2015-05-16";"45";"0";"1";"SmartPlug"
"2015-05-16 23:45:22.924";"10136";"2015-05-16 23:44:17.421";"CookerOn";"2015-05-16";"65";"0";"1";"SmartPlug"
"2015-05-16 23:47:28.353";"10136";"2015-05-16 23:46:12.215";"CookerOn";"2015-05-16";"76";"0";"1";"SmartPlug"
"2015-05-16 23:48:43.432";"10136";"2015-05-16 23:48:21.150";"CookerOn";"2015-05-16";"22";"0";"1";"SmartPlug"
"2015-05-16 23:49:22.849";"10136";"2015-05-16 22:55:18.268";"TvOn";"2015-05-16";"3244";"0";"1";"SmartPlug"
"2015-05-16 23:57:47.609";"10136";"2015-05-16 23:54:40.725";"CookerOn";"2015-05-16";"186";"0";"1";"SmartPlug"
"2015-05-16 23:59:36.558";"10136";"2015-05-16 23:58:26.288";"CookerOn";"2015-05-16";"70";"0";"1";"SmartPlug"
"2015-05-17 00:01:40.750";"10136";"2015-05-17 00:00:20.757";"CookerOn";"2015-05-17";"79";"0";"1";"SmartPlug"
"2015-05-17 00:02:42.704";"10136";"2015-05-17 00:02:07.420";"CookerOn";"2015-05-17";"35";"0";"1";"SmartPlug"
"2015-05-17 00:22:36.342";"10136";"2015-05-16 23:49:38.419";"TvOn";"2015-05-16";"1977";"0";"1";"SmartPlug"
"2015-05-17 00:27:32.325";"10136";"2015-05-17 00:23:03.887";"TvOn";"2015-05-17";"268";"0";"1";"SmartPlug"
"2015-05-17 00:44:27.703";"10136";"2015-05-17 00:27:48.056";"TvOn";"2015-05-17";"999";"0";"1";"SmartPlug"
"2015-05-17 11:05:52.462";"10136";"2015-05-17 11:03:42.280";"BoilerOn";"2015-05-17";"130";"0";"1";"SmartPlug"
"2015-05-17 11:06:54.649";"10136";"2015-05-17 11:06:21.295";"BoilerOn";"2015-05-17";"33";"0";"1";"SmartPlug"
"2015-05-17 11:08:17.083";"10136";"2015-05-17 11:07:43.575";"BoilerOn";"2015-05-17";"33";"0";"1";"SmartPlug"
"2015-05-17 11:09:49.530";"10136";"2015-05-17 11:09:27.391";"BoilerOn";"2015-05-17";"22";"0";"1";"SmartPlug"
"2015-05-17 12:52:13.386";"10136";"2015-05-17 12:50:42.692";"BoilerOn";"2015-05-17";"90";"0";"1";"SmartPlug"
"2015-05-17 12:53:56.762";"10136";"2015-05-17 12:53:13.027";"BoilerOn";"2015-05-17";"43";"0";"1";"SmartPlug"
"2015-05-17 15:11:23.734";"10136";"2015-05-17 15:06:21.843";"CookerOn";"2015-05-17";"301";"0";"1";"SmartPlug"
"2015-05-17 22:08:19.203";"10136";"2015-05-17 22:02:52.018";"CookerOn";"2015-05-17";"327";"0";"1";"SmartPlug"
"2015-05-17 22:27:57.131";"10136";"2015-05-17 22:20:56.225";"TvOn";"2015-05-17";"420";"0";"1";"SmartPlug"
"2015-05-17 22:48:52.209";"10136";"2015-05-17 22:28:14.948";"TvOn";"2015-05-17";"1237";"0";"1";"SmartPlug"
"2015-05-17 22:57:50.036";"10136";"2015-05-17 22:49:08.895";"TvOn";"2015-05-17";"521";"0";"1";"SmartPlug"
"2015-05-17 22:58:41.611";"10136";"2015-05-17 22:58:06.887";"TvOn";"2015-05-17";"34";"0";"1";"SmartPlug"
"2015-05-17 23:03:16.410";"10136";"2015-05-17 22:58:57.509";"TvOn";"2015-05-17";"258";"0";"1";"SmartPlug"
"2015-05-17 23:13:26.391";"10136";"2015-05-17 23:03:38.741";"TvOn";"2015-05-17";"587";"0";"1";"SmartPlug"
"2015-05-17 23:48:17.378";"10136";"2015-05-17 23:13:42.324";"TvOn";"2015-05-17";"2075";"0";"1";"SmartPlug"
"2015-05-17 23:50:05.877";"10136";"2015-05-17 23:48:35.262";"TvOn";"2015-05-17";"90";"0";"1";"SmartPlug"
"2015-05-17 23:57:04.709";"10136";"2015-05-17 23:50:33.623";"TvOn";"2015-05-17";"391";"0";"1";"SmartPlug"
"2015-05-17 23:57:54.477";"10136";"2015-05-17 23:57:21.039";"TvOn";"2015-05-17";"33";"0";"1";"SmartPlug"
"2015-05-18 01:01:49.233";"10136";"2015-05-17 23:58:22.123";"TvOn";"2015-05-17";"3807";"0";"1";"SmartPlug"
"2015-05-18 01:09:20.371";"10136";"2015-05-18 01:02:04.942";"TvOn";"2015-05-18";"435";"0";"1";"SmartPlug"
"2015-05-18 01:10:10.349";"10136";"2015-05-18 01:09:37.290";"TvOn";"2015-05-18";"33";"0";"1";"SmartPlug"
"2015-05-18 01:13:25.765";"10136";"2015-05-18 01:10:26.491";"TvOn";"2015-05-18";"179";"0";"1";"SmartPlug"
"2015-05-18 01:15:23.306";"10136";"2015-05-18 01:13:41.619";"TvOn";"2015-05-18";"101";"0";"1";"SmartPlug"
"2015-05-18 01:49:34.261";"10136";"2015-05-18 01:15:39.725";"TvOn";"2015-05-18";"2034";"0";"1";"SmartPlug"
"2015-05-18 10:57:50.164";"10136";"2015-05-18 10:55:25.165";"BoilerOn";"2015-05-18";"144";"0";"1";"SmartPlug"
"2015-05-18 10:58:50.298";"10136";"2015-05-18 10:58:16.938";"BoilerOn";"2015-05-18";"33";"0";"1";"SmartPlug"
"2015-05-18 11:00:00.745";"10136";"2015-05-18 10:59:27.613";"BoilerOn";"2015-05-18";"33";"0";"1";"SmartPlug"
"2015-05-18 11:01:23.268";"10136";"2015-05-18 11:01:01.373";"BoilerOn";"2015-05-18";"21";"0";"1";"SmartPlug"
"2015-05-18 11:03:29.596";"10136";"2015-05-18 11:02:56.524";"BoilerOn";"2015-05-18";"33";"0";"1";"SmartPlug"
"2015-05-18 15:38:13.179";"10136";"2015-05-18 15:38:02.177";"VacuumOn";"2015-05-18";"11";"0";"1";"SmartPlug"
"2015-05-18 16:43:46.173";"10136";"2015-05-18 16:40:56.889";"CookerOn";"2015-05-18";"169";"0";"1";"SmartPlug"
"2015-05-18 21:54:35.298";"10136";"2015-05-18 21:02:53.456";"TvOn";"2015-05-18";"3101";"0";"1";"SmartPlug"
"2015-05-18 23:46:46.616";"10136";"2015-05-18 21:54:57.804";"TvOn";"2015-05-18";"6708";"0";"1";"SmartPlug"
"2015-05-19 01:19:34.999";"10136";"2015-05-19 01:18:05.970";"BoilerOn";"2015-05-19";"89";"0";"1";"SmartPlug"
"2015-05-19 02:26:23.559";"10136";"2015-05-18 23:47:09.247";"TvOn";"2015-05-18";"9554";"0";"1";"SmartPlug"
"2015-05-19 10:25:43.450";"10136";"2015-05-19 10:23:30.577";"BoilerOn";"2015-05-19";"132";"0";"1";"SmartPlug"
"2015-05-19 10:27:06.843";"10136";"2015-05-19 10:26:26.273";"BoilerOn";"2015-05-19";"40";"0";"1";"SmartPlug"
"2015-05-19 10:28:28.817";"10136";"2015-05-19 10:28:03.056";"BoilerOn";"2015-05-19";"25";"0";"1";"SmartPlug"
"2015-05-19 15:23:48.869";"10136";"2015-05-19 15:22:17.021";"CookerOn";"2015-05-19";"91";"0";"1";"SmartPlug"
"2015-05-19 19:02:13.064";"10136";"2015-05-19 17:56:35.349";"TvOn";"2015-05-19";"3937";"0";"1";"SmartPlug"
"2015-05-19 23:46:54.195";"10136";"2015-05-19 23:46:01.133";"TvOn";"2015-05-19";"53";"0";"1";"SmartPlug"
"2015-05-20 00:02:07.693";"10136";"2015-05-19 23:47:12.684";"TvOn";"2015-05-19";"895";"0";"1";"SmartPlug"
"2015-05-20 00:13:15.865";"10136";"2015-05-20 00:02:25.004";"TvOn";"2015-05-20";"650";"0";"1";"SmartPlug"
"2015-05-20 00:29:36.667";"10136";"2015-05-20 00:13:33.160";"TvOn";"2015-05-20";"963";"0";"1";"SmartPlug"
"2015-05-20 09:02:48.876";"10136";"2015-05-20 09:00:23.543";"BoilerOn";"2015-05-20";"145";"0";"1";"SmartPlug"
"2015-05-20 09:03:46.842";"10136";"2015-05-20 09:03:20.716";"BoilerOn";"2015-05-20";"26";"0";"1";"SmartPlug"
"2015-05-20 09:05:21.706";"10136";"2015-05-20 09:04:55.469";"BoilerOn";"2015-05-20";"26";"0";"1";"SmartPlug"
"2015-05-20 09:07:22.231";"10136";"2015-05-20 09:06:55.994";"BoilerOn";"2015-05-20";"26";"0";"1";"SmartPlug"
"2015-05-20 21:13:28.900";"10136";"2015-05-20 21:10:08.886";"CookerOn";"2015-05-20";"200";"0";"1";"SmartPlug"
"2015-05-20 21:28:26.129";"10136";"2015-05-20 21:26:24.280";"CookerOn";"2015-05-20";"121";"0";"1";"SmartPlug"
"2015-05-20 21:53:44.350";"10136";"2015-05-20 21:16:03.261";"TvOn";"2015-05-20";"2261";"0";"1";"SmartPlug"
"2015-05-20 21:54:15.520";"10136";"2015-05-20 21:54:02.156";"TvOn";"2015-05-20";"13";"0";"1";"SmartPlug"
"2015-05-20 22:23:20.445";"10136";"2015-05-20 21:54:33.152";"TvOn";"2015-05-20";"1727";"0";"1";"SmartPlug"
"2015-05-21 00:40:31.005";"10136";"2015-05-20 23:46:45.979";"TvOn";"2015-05-20";"3225";"0";"1";"SmartPlug"
"2015-05-21 01:00:02.040";"10136";"2015-05-21 00:40:48.789";"TvOn";"2015-05-21";"1153";"0";"1";"SmartPlug"
"2015-05-21 10:14:40.726";"10136";"2015-05-21 10:12:30.809";"BoilerOn";"2015-05-21";"129";"0";"1";"SmartPlug"
"2015-05-21 10:16:06.816";"10136";"2015-05-21 10:15:25.317";"BoilerOn";"2015-05-21";"41";"0";"1";"SmartPlug"
"2015-05-21 10:17:44.735";"10136";"2015-05-21 10:17:17.606";"BoilerOn";"2015-05-21";"27";"0";"1";"SmartPlug"
"2015-05-21 15:49:31.694";"10136";"2015-05-21 15:43:44.508";"CookerOn";"2015-05-21";"347";"0";"1";"SmartPlug"
"2015-05-21 23:41:16.113";"10136";"2015-05-21 22:42:12.399";"TvOn";"2015-05-21";"3543";"0";"1";"SmartPlug"
"2015-05-21 23:55:47.245";"10136";"2015-05-21 23:41:33.428";"TvOn";"2015-05-21";"853";"0";"1";"SmartPlug"
"2015-05-21 23:59:48.506";"10136";"2015-05-21 23:56:06.223";"TvOn";"2015-05-21";"222";"0";"1";"SmartPlug"
"2015-05-22 00:00:18.848";"10136";"2015-05-22 00:00:06.064";"TvOn";"2015-05-22";"12";"0";"1";"SmartPlug"
"2015-05-22 00:13:27.052";"10136";"2015-05-22 00:00:36.731";"TvOn";"2015-05-22";"770";"0";"1";"SmartPlug"
"2015-05-22 09:57:40.975";"10136";"2015-05-22 09:55:29.965";"BoilerOn";"2015-05-22";"131";"0";"1";"SmartPlug"
"2015-05-22 09:58:52.221";"10136";"2015-05-22 09:58:10.995";"BoilerOn";"2015-05-22";"41";"0";"1";"SmartPlug"
"2015-05-22 10:00:03.345";"10136";"2015-05-22 09:59:22.903";"BoilerOn";"2015-05-22";"40";"0";"1";"SmartPlug"
"2015-05-22 10:01:26.613";"10136";"2015-05-22 10:01:00.256";"BoilerOn";"2015-05-22";"26";"0";"1";"SmartPlug"
"2015-05-22 10:03:19.452";"10136";"2015-05-22 10:02:51.794";"BoilerOn";"2015-05-22";"27";"0";"1";"SmartPlug"
"2015-05-22 15:13:03.456";"10136";"2015-05-22 15:04:58.936";"CookerOn";"2015-05-22";"484";"0";"1";"SmartPlug"
"2015-05-22 15:13:47.409";"10136";"2015-05-22 15:13:21.007";"CookerOn";"2015-05-22";"26";"0";"1";"SmartPlug"
"2015-05-22 15:30:06.154";"10136";"2015-05-22 15:28:44.458";"CookerOn";"2015-05-22";"81";"0";"1";"SmartPlug"
"2015-05-22 23:58:33.816";"10136";"2015-05-22 23:57:53.334";"TvOn";"2015-05-22";"40";"0";"1";"SmartPlug"
"2015-05-23 00:30:25.629";"10136";"2015-05-22 23:58:53.608";"TvOn";"2015-05-22";"1892";"0";"1";"SmartPlug"
"2015-05-23 09:53:52.713";"10136";"2015-05-23 09:51:51.937";"BoilerOn";"2015-05-23";"120";"0";"1";"SmartPlug"
"2015-05-23 09:55:02.065";"10136";"2015-05-23 09:54:35.968";"BoilerOn";"2015-05-23";"26";"0";"1";"SmartPlug"
"2015-05-23 09:56:50.531";"10136";"2015-05-23 09:56:24.328";"BoilerOn";"2015-05-23";"26";"0";"1";"SmartPlug"
"2015-05-23 13:19:46.042";"10136";"2015-05-23 13:17:49.156";"BoilerOn";"2015-05-23";"116";"0";"1";"SmartPlug"
"2015-05-23 13:21:04.754";"10136";"2015-05-23 13:20:33.247";"BoilerOn";"2015-05-23";"31";"0";"1";"SmartPlug"
"2015-05-23 13:22:37.067";"10136";"2015-05-23 13:22:09.842";"BoilerOn";"2015-05-23";"27";"0";"1";"SmartPlug"
"2015-05-23 15:34:50.440";"10136";"2015-05-23 15:34:17.840";"CookerOn";"2015-05-23";"32";"0";"1";"SmartPlug"
"2015-05-23 15:36:07.835";"10136";"2015-05-23 15:35:51.627";"CookerOn";"2015-05-23";"16";"0";"1";"SmartPlug"
"2015-05-23 15:40:44.318";"10136";"2015-05-23 15:37:09.839";"CookerOn";"2015-05-23";"214";"0";"1";"SmartPlug"
"2015-05-23 18:57:04.569";"10136";"2015-05-23 18:40:45.227";"TvOn";"2015-05-23";"979";"0";"1";"SmartPlug"
"2015-05-23 18:59:36.002";"10136";"2015-05-23 18:57:22.918";"TvOn";"2015-05-23";"133";"0";"1";"SmartPlug"
"2015-05-23 19:00:19.542";"10136";"2015-05-23 18:59:53.630";"TvOn";"2015-05-23";"25";"0";"1";"SmartPlug"
"2015-05-23 19:02:46.885";"10136";"2015-05-23 19:00:36.874";"TvOn";"2015-05-23";"130";"0";"1";"SmartPlug"
"2015-05-23 20:04:37.406";"10136";"2015-05-23 19:03:04.831";"TvOn";"2015-05-23";"3692";"0";"1";"SmartPlug"
"2015-05-23 22:47:34.885";"10136";"2015-05-23 22:44:16.828";"CookerOn";"2015-05-23";"198";"0";"1";"SmartPlug"
"2015-05-23 22:49:59.587";"10136";"2015-05-23 22:48:54.222";"TvOn";"2015-05-23";"65";"0";"1";"SmartPlug"
"2015-05-23 22:59:09.194";"10136";"2015-05-23 22:50:17.477";"TvOn";"2015-05-23";"531";"0";"1";"SmartPlug"
"2015-05-23 23:00:05.562";"10136";"2015-05-23 22:59:52.516";"TvOn";"2015-05-23";"13";"0";"1";"SmartPlug"
"2015-05-23 23:03:12.502";"10136";"2015-05-23 23:00:23.112";"TvOn";"2015-05-23";"169";"0";"1";"SmartPlug"
"2015-05-23 23:03:56.050";"10136";"2015-05-23 23:03:29.930";"TvOn";"2015-05-23";"26";"0";"1";"SmartPlug"
"2015-05-23 23:21:24.419";"10136";"2015-05-23 23:04:14.089";"TvOn";"2015-05-23";"1030";"0";"1";"SmartPlug"
"2015-05-23 23:26:39.876";"10136";"2015-05-23 23:21:41.914";"TvOn";"2015-05-23";"297";"0";"1";"SmartPlug"
"2015-05-23 23:41:32.575";"10136";"2015-05-23 23:26:57.533";"TvOn";"2015-05-23";"875";"0";"1";"SmartPlug"
"2015-05-23 23:45:45.169";"10136";"2015-05-23 23:41:50.514";"TvOn";"2015-05-23";"234";"0";"1";"SmartPlug"
"2015-05-23 23:50:16.665";"10136";"2015-05-23 23:46:02.819";"TvOn";"2015-05-23";"253";"0";"1";"SmartPlug"
"2015-05-23 23:53:49.276";"10136";"2015-05-23 23:50:34.061";"TvOn";"2015-05-23";"195";"0";"1";"SmartPlug"
"2015-05-24 00:06:06.869";"10136";"2015-05-23 23:54:06.882";"TvOn";"2015-05-23";"719";"0";"1";"SmartPlug"
"2015-05-24 01:55:22.905";"10136";"2015-05-24 00:06:24.426";"TvOn";"2015-05-24";"6538";"0";"1";"SmartPlug"
"2015-05-24 01:56:23.921";"10136";"2015-05-24 01:56:10.998";"TvOn";"2015-05-24";"12";"0";"1";"SmartPlug"
"2015-05-24 02:27:53.100";"10136";"2015-05-24 01:56:41.417";"TvOn";"2015-05-24";"1871";"0";"1";"SmartPlug"
"2015-05-24 11:24:52.192";"10136";"2015-05-24 11:22:50.756";"BoilerOn";"2015-05-24";"121";"0";"1";"SmartPlug"
"2015-05-24 11:26:02.637";"10136";"2015-05-24 11:25:35.931";"BoilerOn";"2015-05-24";"26";"0";"1";"SmartPlug"
"2015-05-24 12:26:32.629";"10136";"2015-05-24 12:24:59.961";"BoilerOn";"2015-05-24";"92";"0";"1";"SmartPlug"
"2015-05-24 12:28:00.132";"10136";"2015-05-24 12:27:21.120";"BoilerOn";"2015-05-24";"39";"0";"1";"SmartPlug"
"2015-05-24 14:19:25.269";"10136";"2015-05-24 13:59:18.999";"WashingMachineOn";"2015-05-24";"1206";"0";"1";"SmartPlug"
"2015-05-24 15:21:44.368";"10136";"2015-05-24 15:15:12.873";"CookerOn";"2015-05-24";"391";"0";"1";"SmartPlug"
"2015-05-24 15:23:50.727";"10136";"2015-05-24 15:22:15.695";"CookerOn";"2015-05-24";"95";"0";"1";"SmartPlug"
"2015-05-24 15:25:58.851";"10136";"2015-05-24 15:24:35.171";"CookerOn";"2015-05-24";"83";"0";"1";"SmartPlug"
"2015-05-24 15:27:55.094";"10136";"2015-05-24 15:26:34.188";"CookerOn";"2015-05-24";"80";"0";"1";"SmartPlug"
"2015-05-24 15:29:49.519";"10136";"2015-05-24 15:28:29.132";"CookerOn";"2015-05-24";"80";"0";"1";"SmartPlug"
"2015-05-24 15:31:37.905";"10136";"2015-05-24 15:30:32.619";"CookerOn";"2015-05-24";"65";"0";"1";"SmartPlug"
"2015-05-24 15:33:26.395";"10136";"2015-05-24 15:32:21.738";"CookerOn";"2015-05-24";"64";"0";"1";"SmartPlug"
"2015-05-24 15:35:18.022";"10136";"2015-05-24 15:34:14.077";"CookerOn";"2015-05-24";"63";"0";"1";"SmartPlug"
"2015-05-24 15:35:28.895";"10136";"2015-05-24 15:34:07.409";"WashingMachineOn";"2015-05-24";"81";"0";"1";"SmartPlug"
"2015-05-24 15:36:38.510";"10136";"2015-05-24 15:36:25.627";"WashingMachineOn";"2015-05-24";"12";"0";"1";"SmartPlug"
"2015-05-24 15:37:28.398";"10136";"2015-05-24 15:36:06.103";"CookerOn";"2015-05-24";"82";"0";"1";"SmartPlug"
"2015-05-24 15:42:51.520";"10136";"2015-05-24 15:40:49.998";"CookerOn";"2015-05-24";"121";"0";"1";"SmartPlug"
"2015-05-24 15:44:56.860";"10136";"2015-05-24 15:43:49.952";"CookerOn";"2015-05-24";"66";"0";"1";"SmartPlug"
"2015-05-24 15:46:47.224";"10136";"2015-05-24 15:45:41.149";"CookerOn";"2015-05-24";"66";"0";"1";"SmartPlug"
"2015-05-24 18:55:28.829";"10136";"2015-05-24 18:54:49.446";"TvOn";"2015-05-24";"39";"0";"1";"SmartPlug"
"2015-05-24 18:56:15.554";"10136";"2015-05-24 18:55:46.909";"TvOn";"2015-05-24";"28";"0";"1";"SmartPlug"
"2015-05-24 18:57:39.512";"10136";"2015-05-24 18:56:34.058";"TvOn";"2015-05-24";"65";"0";"1";"SmartPlug"
"2015-05-24 20:44:37.720";"10136";"2015-05-24 20:44:24.874";"BoilerOn";"2015-05-24";"12";"0";"1";"SmartPlug"
"2015-05-24 21:04:19.806";"10136";"2015-05-24 18:58:04.933";"TvOn";"2015-05-24";"7574";"0";"1";"SmartPlug"
"2015-05-24 21:51:22.133";"10136";"2015-05-24 21:04:37.532";"TvOn";"2015-05-24";"2804";"0";"1";"SmartPlug"
"2015-05-24 21:53:02.178";"10136";"2015-05-24 21:51:55.321";"TvOn";"2015-05-24";"66";"0";"1";"SmartPlug"
"2015-05-24 23:18:23.301";"10136";"2015-05-24 21:53:32.376";"TvOn";"2015-05-24";"5090";"0";"1";"SmartPlug"
"2015-05-24 23:20:28.186";"10136";"2015-05-24 23:18:41.384";"TvOn";"2015-05-24";"106";"0";"1";"SmartPlug"
"2015-05-25 00:44:36.272";"10136";"2015-05-24 23:20:46.347";"TvOn";"2015-05-24";"5029";"0";"1";"SmartPlug"
"2015-05-25 09:35:25.227";"10136";"2015-05-25 09:33:13.324";"BoilerOn";"2015-05-25";"131";"0";"1";"SmartPlug"
"2015-05-25 09:36:36.644";"10136";"2015-05-25 09:35:57.634";"BoilerOn";"2015-05-25";"39";"0";"1";"SmartPlug"
"2015-05-25 09:38:00.389";"10136";"2015-05-25 09:37:33.752";"BoilerOn";"2015-05-25";"26";"0";"1";"SmartPlug"
"2015-05-25 09:40:08.779";"10136";"2015-05-25 09:39:53.972";"BoilerOn";"2015-05-25";"14";"0";"1";"SmartPlug"
"2015-05-26 00:32:58.133";"10136";"2015-05-26 00:06:12.496";"TvOn";"2015-05-26";"1605";"0";"1";"SmartPlug"
"2015-05-26 00:57:38.557";"10136";"2015-05-26 00:33:18.779";"TvOn";"2015-05-26";"1459";"0";"1";"SmartPlug"
"2015-05-26 01:14:59.789";"10136";"2015-05-26 00:57:57.112";"TvOn";"2015-05-26";"1022";"0";"1";"SmartPlug"
"2015-05-26 02:01:20.088";"10136";"2015-05-26 01:15:25.212";"TvOn";"2015-05-26";"2754";"0";"1";"SmartPlug"
"2015-05-26 10:00:50.396";"10136";"2015-05-26 09:58:38.306";"BoilerOn";"2015-05-26";"132";"0";"1";"SmartPlug"
"2015-05-26 10:01:59.577";"10136";"2015-05-26 10:01:33.827";"BoilerOn";"2015-05-26";"25";"0";"1";"SmartPlug"
"2015-05-26 10:03:36.215";"10136";"2015-05-26 10:02:57.788";"BoilerOn";"2015-05-26";"38";"0";"1";"SmartPlug"
"2015-05-26 10:05:24.295";"10136";"2015-05-26 10:04:45.621";"BoilerOn";"2015-05-26";"38";"0";"1";"SmartPlug"
"2015-05-30 13:59:51.067";"10136";"2015-05-30 13:57:51.929";"BoilerOn";"2015-05-30";"119";"0";"1";"SmartPlug"
"2015-05-30 14:01:02.257";"10136";"2015-05-30 14:00:35.986";"BoilerOn";"2015-05-30";"26";"0";"1";"SmartPlug"
"2015-05-30 14:02:41.082";"10136";"2015-05-30 14:02:13.758";"BoilerOn";"2015-05-30";"27";"0";"1";"SmartPlug"
"2015-05-30 15:03:47.772";"10136";"2015-05-30 15:01:16.930";"TvOn";"2015-05-30";"150";"0";"1";"SmartPlug"
"2015-05-30 15:53:58.211";"10136";"2015-05-30 15:04:08.510";"TvOn";"2015-05-30";"2989";"0";"1";"SmartPlug"
"2015-05-30 15:59:55.480";"10136";"2015-05-30 15:54:15.841";"TvOn";"2015-05-30";"339";"0";"1";"SmartPlug"
"2015-05-30 17:29:11.494";"10136";"2015-05-30 16:00:13.941";"TvOn";"2015-05-30";"5337";"0";"1";"SmartPlug"
"2015-05-30 17:53:13.498";"10136";"2015-05-30 17:29:35.091";"TvOn";"2015-05-30";"1418";"0";"1";"SmartPlug"
"2015-05-30 18:23:49.271";"10136";"2015-05-30 17:53:33.223";"TvOn";"2015-05-30";"1816";"0";"1";"SmartPlug"
"2015-05-30 23:41:36.444";"10136";"2015-05-30 23:41:23.763";"TvOn";"2015-05-30";"12";"0";"1";"SmartPlug"
"2015-05-31 00:09:10.154";"10136";"2015-05-30 23:41:54.006";"TvOn";"2015-05-30";"1636";"0";"1";"SmartPlug"
"2015-05-31 00:29:55.928";"10136";"2015-05-31 00:09:28.537";"TvOn";"2015-05-31";"1227";"0";"1";"SmartPlug"
"2015-05-31 10:37:23.406";"10136";"2015-05-31 10:35:21.649";"BoilerOn";"2015-05-31";"121";"0";"1";"SmartPlug"
"2015-05-31 10:38:33.969";"10136";"2015-05-31 10:38:08.364";"BoilerOn";"2015-05-31";"25";"0";"1";"SmartPlug"
"2015-05-31 10:40:08.960";"10136";"2015-05-31 10:39:43.218";"BoilerOn";"2015-05-31";"25";"0";"1";"SmartPlug"
"2015-05-31 15:02:46.015";"10136";"2015-05-31 14:53:56.810";"WashingMachineOn";"2015-05-31";"529";"0";"1";"SmartPlug"
"2015-05-31 15:04:10.617";"10136";"2015-05-31 15:03:04.853";"WashingMachineOn";"2015-05-31";"65";"0";"1";"SmartPlug"
"2015-05-31 15:22:49.594";"10136";"2015-05-31 15:13:38.806";"CookerOn";"2015-05-31";"550";"0";"1";"SmartPlug"
"2015-05-31 15:25:04.503";"10136";"2015-05-31 15:23:20.884";"CookerOn";"2015-05-31";"103";"0";"1";"SmartPlug"
"2015-05-31 15:27:20.603";"10136";"2015-05-31 15:25:35.350";"CookerOn";"2015-05-31";"105";"0";"1";"SmartPlug"
"2015-05-31 15:29:08.598";"10136";"2015-05-31 15:27:38.642";"CookerOn";"2015-05-31";"89";"0";"1";"SmartPlug"
"2015-05-31 15:30:44.910";"10136";"2015-05-31 15:29:39.699";"CookerOn";"2015-05-31";"65";"0";"1";"SmartPlug"
"2015-05-31 15:34:37.633";"10136";"2015-05-31 15:31:47.132";"CookerOn";"2015-05-31";"170";"0";"1";"SmartPlug"
"2015-05-31 15:35:21.566";"10136";"2015-05-31 15:35:08.809";"CookerOn";"2015-05-31";"12";"0";"1";"SmartPlug"
"2015-05-31 15:37:00.491";"10136";"2015-05-31 15:35:53.361";"WashingMachineOn";"2015-05-31";"67";"0";"1";"SmartPlug"
"2015-05-31 15:38:23.734";"10136";"2015-05-31 15:37:58.124";"WashingMachineOn";"2015-05-31";"25";"0";"1";"SmartPlug"
"2015-05-31 21:56:54.771";"10136";"2015-05-31 19:35:43.851";"TvOn";"2015-05-31";"8470";"0";"1";"SmartPlug"
"2015-05-31 22:14:21.487";"10136";"2015-05-31 21:57:13.309";"TvOn";"2015-05-31";"1028";"0";"1";"SmartPlug"
"2015-05-31 22:47:28.267";"10136";"2015-05-31 22:14:39.466";"TvOn";"2015-05-31";"1968";"0";"1";"SmartPlug"
"2015-05-31 22:48:24.837";"10136";"2015-05-31 22:47:46.197";"TvOn";"2015-05-31";"38";"0";"1";"SmartPlug"
"2015-05-31 22:49:08.389";"10136";"2015-05-31 22:48:42.663";"TvOn";"2015-05-31";"25";"0";"1";"SmartPlug"
"2015-05-31 22:51:11.469";"10136";"2015-05-31 22:49:26.350";"TvOn";"2015-05-31";"105";"0";"1";"SmartPlug"
"2015-05-31 23:56:07.374";"10136";"2015-05-31 22:51:29.527";"TvOn";"2015-05-31";"3877";"0";"1";"SmartPlug"
"2015-05-31 23:57:25.337";"10136";"2015-05-31 23:56:32.020";"TvOn";"2015-05-31";"53";"0";"1";"SmartPlug"
"2015-05-31 23:58:34.587";"10136";"2015-05-31 23:57:43.265";"TvOn";"2015-05-31";"51";"0";"1";"SmartPlug"
"2015-05-31 23:59:06.563";"10136";"2015-05-31 23:58:53.756";"TvOn";"2015-05-31";"12";"0";"1";"SmartPlug"
"2015-06-01 00:00:16.577";"10136";"2015-05-31 23:59:24.464";"TvOn";"2015-05-31";"52";"0";"1";"SmartPlug"
"2015-06-01 00:03:10.043";"10136";"2015-06-01 00:00:34.550";"TvOn";"2015-06-01";"155";"0";"1";"SmartPlug"
"2015-06-01 00:04:47.554";"10136";"2015-06-01 00:03:28.503";"TvOn";"2015-06-01";"79";"0";"1";"SmartPlug"
"2015-06-01 00:07:40.909";"10136";"2015-06-01 00:05:05.826";"TvOn";"2015-06-01";"155";"0";"1";"SmartPlug"
"2015-06-01 00:19:33.739";"10136";"2015-06-01 00:07:58.863";"TvOn";"2015-06-01";"694";"0";"1";"SmartPlug"
"2015-06-01 00:21:22.776";"10136";"2015-06-01 00:19:52.777";"TvOn";"2015-06-01";"89";"0";"1";"SmartPlug"
"2015-06-01 00:22:19.477";"10136";"2015-06-01 00:21:41.021";"TvOn";"2015-06-01";"38";"0";"1";"SmartPlug"
"2015-06-01 00:23:55.312";"10136";"2015-06-01 00:22:38.110";"TvOn";"2015-06-01";"77";"0";"1";"SmartPlug"
"2015-06-01 10:03:00.108";"10136";"2015-06-01 10:00:57.656";"BoilerOn";"2015-06-01";"122";"0";"1";"SmartPlug"
"2015-06-01 10:04:10.000";"10136";"2015-06-01 10:03:31.052";"BoilerOn";"2015-06-01";"38";"0";"1";"SmartPlug"
"2015-06-01 10:05:34.239";"10136";"2015-06-01 10:05:08.013";"BoilerOn";"2015-06-01";"26";"0";"1";"SmartPlug"
"2015-06-01 10:07:26.010";"10136";"2015-06-01 10:06:58.553";"BoilerOn";"2015-06-01";"27";"0";"1";"SmartPlug"
"2015-06-01 15:10:08.201";"10136";"2015-06-01 15:03:24.568";"CookerOn";"2015-06-01";"403";"0";"1";"SmartPlug"
"2015-06-01 19:18:11.022";"10136";"2015-06-01 18:55:26.433";"TvOn";"2015-06-01";"1364";"0";"1";"SmartPlug"
"2015-06-01 19:20:12.405";"10136";"2015-06-01 19:18:28.995";"TvOn";"2015-06-01";"103";"0";"1";"SmartPlug"
"2015-06-01 19:20:56.914";"10136";"2015-06-01 19:20:31.165";"TvOn";"2015-06-01";"25";"0";"1";"SmartPlug"
"2015-06-01 19:25:50.084";"10136";"2015-06-01 19:21:27.723";"TvOn";"2015-06-01";"262";"0";"1";"SmartPlug"
"2015-06-01 19:27:40.845";"10136";"2015-06-01 19:27:27.074";"TvOn";"2015-06-01";"13";"0";"1";"SmartPlug"
"2015-06-01 19:41:23.685";"10136";"2015-06-01 19:28:03.877";"TvOn";"2015-06-01";"799";"0";"1";"SmartPlug"
"2015-06-01 20:05:37.549";"10136";"2015-06-01 19:41:42.784";"TvOn";"2015-06-01";"1434";"0";"1";"SmartPlug"
"2015-06-01 21:50:22.796";"10136";"2015-06-01 20:47:10.127";"TvOn";"2015-06-01";"3792";"0";"1";"SmartPlug"
"2015-06-01 21:53:55.922";"10136";"2015-06-01 21:50:41.046";"TvOn";"2015-06-01";"194";"0";"1";"SmartPlug"
"2015-06-01 22:43:53.218";"10136";"2015-06-01 21:54:14.638";"TvOn";"2015-06-01";"2978";"0";"1";"SmartPlug"
"2015-06-01 22:53:44.957";"10136";"2015-06-01 22:44:11.864";"TvOn";"2015-06-01";"573";"0";"1";"SmartPlug"
"2015-06-01 22:54:17.098";"10136";"2015-06-01 22:54:03.539";"TvOn";"2015-06-01";"13";"0";"1";"SmartPlug"
"2015-06-01 22:54:47.694";"10136";"2015-06-01 22:54:34.869";"TvOn";"2015-06-01";"12";"0";"1";"SmartPlug"
"2015-06-01 22:58:20.200";"10136";"2015-06-01 22:55:05.731";"TvOn";"2015-06-01";"194";"0";"1";"SmartPlug"
"2015-06-01 22:59:43.580";"10136";"2015-06-01 22:58:38.082";"TvOn";"2015-06-01";"65";"0";"1";"SmartPlug"
"2015-06-01 23:30:48.722";"10136";"2015-06-01 23:00:08.197";"TvOn";"2015-06-01";"1840";"0";"1";"SmartPlug"
"2015-06-01 23:35:07.002";"10136";"2015-06-01 23:31:06.452";"TvOn";"2015-06-01";"240";"0";"1";"SmartPlug"
"2015-06-01 23:37:40.000";"10136";"2015-06-01 23:35:25.117";"TvOn";"2015-06-01";"134";"0";"1";"SmartPlug"
"2015-06-01 23:38:37.854";"10136";"2015-06-01 23:37:57.914";"TvOn";"2015-06-01";"39";"0";"1";"SmartPlug"
"2015-06-01 23:40:46.267";"10136";"2015-06-01 23:39:39.337";"TvOn";"2015-06-01";"66";"0";"1";"SmartPlug"
"2015-06-01 23:49:50.393";"10136";"2015-06-01 23:41:04.117";"TvOn";"2015-06-01";"526";"0";"1";"SmartPlug"
"2015-06-02 00:01:31.054";"10136";"2015-06-01 23:51:07.657";"TvOn";"2015-06-01";"623";"0";"1";"SmartPlug"
"2015-06-02 00:02:15.663";"10136";"2015-06-02 00:01:49.271";"TvOn";"2015-06-02";"26";"0";"1";"SmartPlug"
"2015-06-02 00:03:53.058";"10136";"2015-06-02 00:02:59.219";"TvOn";"2015-06-02";"53";"0";"1";"SmartPlug"
"2015-06-02 00:17:05.312";"10136";"2015-06-02 00:04:24.309";"TvOn";"2015-06-02";"761";"0";"1";"SmartPlug"
"2015-06-02 00:17:48.888";"10136";"2015-06-02 00:17:23.051";"TvOn";"2015-06-02";"25";"0";"1";"SmartPlug"
"2015-06-02 00:19:14.157";"10136";"2015-06-02 00:18:20.096";"TvOn";"2015-06-02";"54";"0";"1";"SmartPlug"
"2015-06-02 00:34:13.057";"10136";"2015-06-02 00:19:32.329";"TvOn";"2015-06-02";"880";"0";"1";"SmartPlug"
"2015-06-02 00:36:33.672";"10136";"2015-06-02 00:34:44.541";"TvOn";"2015-06-02";"109";"0";"1";"SmartPlug"
"2015-06-02 00:37:30.851";"10136";"2015-06-02 00:37:17.482";"TvOn";"2015-06-02";"13";"0";"1";"SmartPlug"
"2015-06-02 01:11:27.105";"10136";"2015-06-02 00:37:48.857";"TvOn";"2015-06-02";"2018";"0";"1";"SmartPlug"
"2015-06-02 02:25:02.201";"10136";"2015-06-02 01:11:46.153";"TvOn";"2015-06-02";"4396";"0";"1";"SmartPlug"
"2015-06-02 02:25:33.641";"10136";"2015-06-02 02:25:20.906";"TvOn";"2015-06-02";"12";"0";"1";"SmartPlug"
"2015-06-02 10:21:21.845";"10136";"2015-06-02 10:19:27.023";"BoilerOn";"2015-06-02";"114";"0";"1";"SmartPlug"
"2015-06-02 10:22:35.676";"10136";"2015-06-02 10:21:54.716";"BoilerOn";"2015-06-02";"40";"0";"1";"SmartPlug"
"2015-06-02 10:24:05.748";"10136";"2015-06-02 10:23:36.182";"BoilerOn";"2015-06-02";"29";"0";"1";"SmartPlug"
"2015-06-02 10:25:51.627";"10136";"2015-06-02 10:25:22.940";"BoilerOn";"2015-06-02";"28";"0";"1";"SmartPlug"
"2015-06-02 17:17:54.323";"10136";"2015-06-02 17:09:34.258";"CookerOn";"2015-06-02";"500";"0";"1";"SmartPlug"
"2015-06-02 22:07:08.257";"10136";"2015-06-02 22:02:59.581";"CookerOn";"2015-06-02";"248";"0";"1";"SmartPlug"
"2015-06-02 22:22:48.897";"10136";"2015-06-02 22:21:50.060";"TvOn";"2015-06-02";"58";"0";"1";"SmartPlug"
"2015-06-02 22:34:48.317";"10136";"2015-06-02 22:23:09.992";"TvOn";"2015-06-02";"698";"0";"1";"SmartPlug"
"2015-06-02 23:12:14.798";"10136";"2015-06-02 22:35:09.739";"TvOn";"2015-06-02";"2225";"0";"1";"SmartPlug"
"2015-06-02 23:14:24.231";"10136";"2015-06-02 23:12:53.671";"TvOn";"2015-06-02";"90";"0";"1";"SmartPlug"
"2015-06-02 23:18:11.673";"10136";"2015-06-02 23:17:57.873";"BoilerOn";"2015-06-02";"13";"0";"1";"SmartPlug"
"2015-06-02 23:27:03.068";"10136";"2015-06-02 23:14:51.711";"TvOn";"2015-06-02";"731";"0";"1";"SmartPlug"
"2015-06-02 23:39:12.940";"10136";"2015-06-02 23:27:23.891";"TvOn";"2015-06-02";"709";"0";"1";"SmartPlug"
"2015-06-02 23:43:28.611";"10136";"2015-06-02 23:39:31.395";"TvOn";"2015-06-02";"237";"0";"1";"SmartPlug"
"2015-06-03 00:28:55.006";"10136";"2015-06-02 23:43:59.448";"TvOn";"2015-06-02";"2695";"0";"1";"SmartPlug"
"2015-06-03 00:30:35.233";"10136";"2015-06-03 00:29:14.121";"TvOn";"2015-06-03";"81";"0";"1";"SmartPlug"
"2015-06-03 00:44:34.669";"10136";"2015-06-03 00:30:53.512";"TvOn";"2015-06-03";"821";"0";"1";"SmartPlug"
"2015-06-03 10:17:29.036";"10136";"2015-06-03 10:15:29.943";"BoilerOn";"2015-06-03";"119";"0";"1";"SmartPlug"
"2015-06-03 10:18:41.878";"10136";"2015-06-03 10:18:00.332";"BoilerOn";"2015-06-03";"41";"0";"1";"SmartPlug"
"2015-06-03 10:19:57.762";"10136";"2015-06-03 10:19:18.400";"BoilerOn";"2015-06-03";"39";"0";"1";"SmartPlug"
"2015-06-03 10:21:23.596";"10136";"2015-06-03 10:20:57.192";"BoilerOn";"2015-06-03";"26";"0";"1";"SmartPlug"
"2015-06-03 10:23:14.492";"10136";"2015-06-03 10:22:48.242";"BoilerOn";"2015-06-03";"26";"0";"1";"SmartPlug"
"2015-06-03 10:40:27.884";"10136";"2015-06-03 10:33:04.924";"CookerOn";"2015-06-03";"442";"0";"1";"SmartPlug"
"2015-06-03 10:42:26.878";"10136";"2015-06-03 10:41:11.949";"CookerOn";"2015-06-03";"74";"0";"1";"SmartPlug"
"2015-06-03 10:46:10.201";"10136";"2015-06-03 10:43:29.471";"CookerOn";"2015-06-03";"160";"0";"1";"SmartPlug"
"2015-06-03 22:06:55.341";"10136";"2015-06-03 20:53:59.212";"TvOn";"2015-06-03";"4376";"0";"1";"SmartPlug"
"2015-06-03 22:17:56.513";"10136";"2015-06-03 22:07:16.804";"TvOn";"2015-06-03";"639";"0";"1";"SmartPlug"
"2015-06-03 22:44:22.006";"10136";"2015-06-03 22:18:16.178";"TvOn";"2015-06-03";"1565";"0";"1";"SmartPlug"
"2015-06-03 22:46:19.052";"10136";"2015-06-03 22:44:42.191";"TvOn";"2015-06-03";"96";"0";"1";"SmartPlug"
"2015-06-03 22:49:28.504";"10136";"2015-06-03 22:46:41.107";"TvOn";"2015-06-03";"167";"0";"1";"SmartPlug"
"2015-06-03 22:50:46.062";"10136";"2015-06-03 22:49:48.500";"TvOn";"2015-06-03";"57";"0";"1";"SmartPlug"
"2015-06-04 00:34:25.434";"10136";"2015-06-03 22:51:05.919";"TvOn";"2015-06-03";"6199";"0";"1";"SmartPlug"
"2015-06-04 08:57:31.258";"10136";"2015-06-04 08:55:42.596";"BoilerOn";"2015-06-04";"108";"0";"1";"SmartPlug"
"2015-06-04 08:58:40.620";"10136";"2015-06-04 08:58:11.296";"BoilerOn";"2015-06-04";"29";"0";"1";"SmartPlug"
"2015-06-04 09:00:07.893";"10136";"2015-06-04 08:59:40.239";"BoilerOn";"2015-06-04";"27";"0";"1";"SmartPlug"
"2015-06-04 09:01:57.893";"10136";"2015-06-04 09:01:29.013";"BoilerOn";"2015-06-04";"28";"0";"1";"SmartPlug"
"2015-06-04 14:49:52.166";"10136";"2015-06-04 14:44:07.747";"CookerOn";"2015-06-04";"344";"0";"1";"SmartPlug"
"2015-06-04 14:51:41.580";"10136";"2015-06-04 14:03:06.243";"TvOn";"2015-06-04";"2915";"0";"1";"SmartPlug"
"2015-06-04 14:52:25.296";"10136";"2015-06-04 14:51:59.662";"TvOn";"2015-06-04";"25";"0";"1";"SmartPlug"
"2015-06-04 14:59:00.199";"10136";"2015-06-04 14:52:43.949";"TvOn";"2015-06-04";"376";"0";"1";"SmartPlug"
"2015-06-04 15:37:03.908";"10136";"2015-06-04 14:59:18.269";"TvOn";"2015-06-04";"2265";"0";"1";"SmartPlug"
"2015-06-04 21:28:57.678";"10136";"2015-06-04 20:47:27.014";"TvOn";"2015-06-04";"2490";"0";"1";"SmartPlug"
"2015-06-04 23:56:16.895";"10136";"2015-06-04 21:29:15.805";"TvOn";"2015-06-04";"8821";"0";"1";"SmartPlug"
"2015-06-05 00:16:17.795";"10136";"2015-06-04 23:56:40.381";"TvOn";"2015-06-04";"1177";"0";"1";"SmartPlug"
"2015-06-05 00:17:45.794";"10136";"2015-06-05 00:16:36.002";"TvOn";"2015-06-05";"69";"0";"1";"SmartPlug"
"2015-06-05 00:18:30.602";"10136";"2015-06-05 00:18:03.909";"TvOn";"2015-06-05";"26";"0";"1";"SmartPlug"
"2015-06-05 00:22:33.981";"10136";"2015-06-05 00:18:48.850";"TvOn";"2015-06-05";"225";"0";"1";"SmartPlug"
"2015-06-05 10:49:56.127";"10136";"2015-06-05 10:47:29.991";"BoilerOn";"2015-06-05";"146";"0";"1";"SmartPlug"
"2015-06-05 10:51:13.479";"10136";"2015-06-05 10:50:34.095";"BoilerOn";"2015-06-05";"39";"0";"1";"SmartPlug"
"2015-06-05 10:52:52.970";"10136";"2015-06-05 10:52:25.253";"BoilerOn";"2015-06-05";"27";"0";"1";"SmartPlug"
"2015-06-05 14:42:37.510";"10136";"2015-06-05 14:33:28.622";"CookerOn";"2015-06-05";"548";"0";"1";"SmartPlug"
"2015-06-05 14:43:53.912";"10136";"2015-06-05 14:42:56.067";"CookerOn";"2015-06-05";"57";"0";"1";"SmartPlug"
"2015-06-05 23:37:48.576";"10136";"2015-06-05 21:42:37.929";"TvOn";"2015-06-05";"6910";"0";"1";"SmartPlug"
"2015-06-05 23:42:55.713";"10136";"2015-06-05 23:38:22.934";"TvOn";"2015-06-05";"272";"0";"1";"SmartPlug"
"2015-06-06 00:23:16.978";"10136";"2015-06-05 23:43:14.415";"TvOn";"2015-06-05";"2402";"0";"1";"SmartPlug"
"2015-06-06 00:39:55.458";"10136";"2015-06-06 00:23:41.261";"TvOn";"2015-06-06";"974";"0";"1";"SmartPlug"
"2015-06-06 11:39:18.057";"10136";"2015-06-06 11:36:53.989";"BoilerOn";"2015-06-06";"144";"0";"1";"SmartPlug"
"2015-06-06 11:40:40.396";"10136";"2015-06-06 11:40:14.790";"BoilerOn";"2015-06-06";"25";"0";"1";"SmartPlug"
"2015-06-06 16:30:27.429";"10136";"2015-06-06 12:44:34.341";"TvOn";"2015-06-06";"13553";"0";"1";"SmartPlug"
"2015-06-07 00:25:24.046";"10136";"2015-06-07 00:06:07.111";"TvOn";"2015-06-07";"1156";"0";"1";"SmartPlug"
"2015-06-07 00:41:47.073";"10136";"2015-06-07 00:25:50.379";"TvOn";"2015-06-07";"956";"0";"1";"SmartPlug"
"2015-06-07 00:50:01.144";"10136";"2015-06-07 00:42:09.031";"TvOn";"2015-06-07";"472";"0";"1";"SmartPlug"
"2015-06-07 01:29:01.940";"10136";"2015-06-07 00:50:33.293";"TvOn";"2015-06-07";"2308";"0";"1";"SmartPlug"
"2015-06-07 01:31:32.086";"10136";"2015-06-07 01:29:21.300";"TvOn";"2015-06-07";"130";"0";"1";"SmartPlug"
"2015-06-07 01:49:14.423";"10136";"2015-06-07 01:31:50.397";"TvOn";"2015-06-07";"1044";"0";"1";"SmartPlug"
"2015-06-07 01:51:05.541";"10136";"2015-06-07 01:49:59.986";"TvOn";"2015-06-07";"65";"0";"1";"SmartPlug"
"2015-06-07 15:47:26.088";"10136";"2015-06-07 15:42:49.977";"CookerOn";"2015-06-07";"276";"0";"1";"SmartPlug"
"2015-06-07 15:54:13.554";"10136";"2015-06-07 15:48:37.511";"CookerOn";"2015-06-07";"336";"0";"1";"SmartPlug"
"2015-06-07 15:56:25.045";"10136";"2015-06-07 15:54:39.020";"CookerOn";"2015-06-07";"106";"0";"1";"SmartPlug"
"2015-06-07 15:58:17.848";"10136";"2015-06-07 15:56:44.337";"CookerOn";"2015-06-07";"93";"0";"1";"SmartPlug"
"2015-06-07 15:59:43.716";"10136";"2015-06-07 15:58:37.413";"CookerOn";"2015-06-07";"66";"0";"1";"SmartPlug"
"2015-06-07 16:01:33.391";"10136";"2015-06-07 16:00:15.262";"CookerOn";"2015-06-07";"78";"0";"1";"SmartPlug"
"2015-06-07 16:02:56.052";"10136";"2015-06-07 16:02:04.694";"CookerOn";"2015-06-07";"51";"0";"1";"SmartPlug"
"2015-06-07 16:04:06.854";"10136";"2015-06-07 16:03:27.138";"CookerOn";"2015-06-07";"39";"0";"1";"SmartPlug"
"2015-06-07 16:05:30.454";"10136";"2015-06-07 16:04:37.946";"CookerOn";"2015-06-07";"52";"0";"1";"SmartPlug"
"2015-06-07 16:06:40.384";"10136";"2015-06-07 16:05:48.619";"CookerOn";"2015-06-07";"51";"0";"1";"SmartPlug"
"2015-06-07 16:07:50.164";"10136";"2015-06-07 16:07:11.536";"CookerOn";"2015-06-07";"38";"0";"1";"SmartPlug"
"2015-06-07 23:52:35.420";"10136";"2015-06-07 23:21:34.229";"TvOn";"2015-06-07";"1861";"0";"1";"SmartPlug"
"2015-06-07 23:57:46.662";"10136";"2015-06-07 23:53:08.647";"TvOn";"2015-06-07";"278";"0";"1";"SmartPlug"
"2015-06-07 23:58:31.215";"10136";"2015-06-07 23:58:05.000";"TvOn";"2015-06-07";"26";"0";"1";"SmartPlug"
"2015-06-08 00:13:08.156";"10136";"2015-06-07 23:58:49.520";"TvOn";"2015-06-07";"858";"0";"1";"SmartPlug"
"2015-06-08 00:14:31.199";"10136";"2015-06-08 00:13:26.399";"TvOn";"2015-06-08";"64";"0";"1";"SmartPlug"
"2015-06-08 09:31:16.160";"10136";"2015-06-08 09:29:13.485";"BoilerOn";"2015-06-08";"122";"0";"1";"SmartPlug"
"2015-06-08 09:32:29.638";"10136";"2015-06-08 09:32:03.113";"BoilerOn";"2015-06-08";"26";"0";"1";"SmartPlug"
"2015-06-08 09:34:07.609";"10136";"2015-06-08 09:33:28.181";"BoilerOn";"2015-06-08";"39";"0";"1";"SmartPlug"
"2015-06-08 09:36:01.056";"10136";"2015-06-08 09:35:33.406";"BoilerOn";"2015-06-08";"27";"0";"1";"SmartPlug"
"2015-06-08 15:44:53.368";"10136";"2015-06-08 15:37:03.361";"CookerOn";"2015-06-08";"470";"0";"1";"SmartPlug"
"2015-06-08 15:46:58.597";"10136";"2015-06-08 15:45:24.923";"CookerOn";"2015-06-08";"93";"0";"1";"SmartPlug"
"2015-06-08 15:49:03.061";"10136";"2015-06-08 15:47:30.148";"CookerOn";"2015-06-08";"92";"0";"1";"SmartPlug"
"2015-06-08 15:50:13.567";"10136";"2015-06-08 15:49:21.421";"CookerOn";"2015-06-08";"52";"0";"1";"SmartPlug"
"2015-06-08 15:51:56.197";"10136";"2015-06-08 15:50:36.753";"CookerOn";"2015-06-08";"79";"0";"1";"SmartPlug"
"2015-06-08 15:53:49.311";"10136";"2015-06-08 15:52:28.987";"CookerOn";"2015-06-08";"80";"0";"1";"SmartPlug"
"2015-06-08 15:55:40.768";"10136";"2015-06-08 15:54:20.318";"CookerOn";"2015-06-08";"80";"0";"1";"SmartPlug"
"2015-06-08 15:57:22.611";"10136";"2015-06-08 15:56:14.031";"CookerOn";"2015-06-08";"68";"0";"1";"SmartPlug"
"2015-06-08 15:59:20.122";"10136";"2015-06-08 15:58:14.121";"CookerOn";"2015-06-08";"66";"0";"1";"SmartPlug"
"2015-06-08 16:01:10.718";"10136";"2015-06-08 16:00:04.631";"CookerOn";"2015-06-08";"66";"0";"1";"SmartPlug"
"2015-06-08 16:02:50.649";"10136";"2015-06-08 16:01:56.791";"CookerOn";"2015-06-08";"53";"0";"1";"SmartPlug"
"2015-06-08 16:03:40.276";"10136";"2015-06-08 16:03:26.509";"CookerOn";"2015-06-08";"13";"0";"1";"SmartPlug"
"2015-06-08 16:07:03.813";"10136";"2015-06-08 16:04:50.545";"CookerOn";"2015-06-08";"133";"0";"1";"SmartPlug"
"2015-06-08 16:09:11.919";"10136";"2015-06-08 16:07:55.304";"CookerOn";"2015-06-08";"76";"0";"1";"SmartPlug"
"2015-06-09 00:31:59.996";"10136";"2015-06-08 23:43:06.740";"TvOn";"2015-06-08";"2933";"0";"1";"SmartPlug"
"2015-06-09 00:33:29.371";"10136";"2015-06-09 00:32:23.739";"TvOn";"2015-06-09";"65";"0";"1";"SmartPlug"
"2015-06-09 00:41:38.227";"10136";"2015-06-09 00:33:47.699";"TvOn";"2015-06-09";"470";"0";"1";"SmartPlug"
"2015-06-09 01:58:51.013";"10136";"2015-06-09 00:41:58.984";"TvOn";"2015-06-09";"4612";"0";"1";"SmartPlug"
"2015-06-09 01:59:22.931";"10136";"2015-06-09 01:59:10.192";"TvOn";"2015-06-09";"12";"0";"1";"SmartPlug"
"2015-06-09 02:02:33.825";"10136";"2015-06-09 01:59:41.621";"TvOn";"2015-06-09";"172";"0";"1";"SmartPlug"
"2015-06-09 02:11:01.197";"10136";"2015-06-09 02:02:52.640";"TvOn";"2015-06-09";"488";"0";"1";"SmartPlug"
"2015-06-09 02:19:44.987";"10136";"2015-06-09 02:11:19.690";"TvOn";"2015-06-09";"505";"0";"1";"SmartPlug"
"2015-06-09 09:31:02.056";"10136";"2015-06-09 09:29:03.146";"BoilerOn";"2015-06-09";"118";"0";"1";"SmartPlug"
"2015-06-09 09:32:25.894";"10136";"2015-06-09 09:31:47.315";"BoilerOn";"2015-06-09";"38";"0";"1";"SmartPlug"
"2015-06-09 09:34:04.081";"10136";"2015-06-09 09:33:38.382";"BoilerOn";"2015-06-09";"25";"0";"1";"SmartPlug"
"2015-06-09 16:27:44.745";"10136";"2015-06-09 16:23:49.369";"CookerOn";"2015-06-09";"235";"0";"1";"SmartPlug"
"2015-06-09 16:32:12.754";"10136";"2015-06-09 16:28:06.545";"CookerOn";"2015-06-09";"246";"0";"1";"SmartPlug"
"2015-06-09 18:47:36.852";"10136";"2015-06-09 18:44:02.659";"TvOn";"2015-06-09";"214";"0";"1";"SmartPlug"
"2015-06-09 18:48:50.115";"10136";"2015-06-09 18:47:55.856";"TvOn";"2015-06-09";"54";"0";"1";"SmartPlug"
"2015-06-09 19:13:47.470";"10136";"2015-06-09 18:49:08.820";"TvOn";"2015-06-09";"1478";"0";"1";"SmartPlug"
"2015-06-09 19:15:15.267";"10136";"2015-06-09 19:14:06.551";"TvOn";"2015-06-09";"68";"0";"1";"SmartPlug"
"2015-06-09 19:47:04.485";"10136";"2015-06-09 19:15:33.595";"TvOn";"2015-06-09";"1890";"0";"1";"SmartPlug"
"2015-06-09 21:00:35.680";"10136";"2015-06-09 19:47:22.855";"TvOn";"2015-06-09";"4392";"0";"1";"SmartPlug"
"2015-06-09 21:09:09.748";"10136";"2015-06-09 21:01:02.646";"TvOn";"2015-06-09";"487";"0";"1";"SmartPlug"
"2015-06-09 22:34:13.771";"10136";"2015-06-09 22:33:45.493";"TvOn";"2015-06-09";"28";"0";"1";"SmartPlug"
"2015-06-09 23:08:49.794";"10136";"2015-06-09 22:34:39.243";"TvOn";"2015-06-09";"2050";"0";"1";"SmartPlug"
"2015-06-09 23:10:50.643";"10136";"2015-06-09 23:09:10.719";"TvOn";"2015-06-09";"99";"0";"1";"SmartPlug"
"2015-06-09 23:12:14.910";"10136";"2015-06-09 23:11:09.588";"TvOn";"2015-06-09";"65";"0";"1";"SmartPlug"
"2015-06-09 23:22:30.074";"10136";"2015-06-09 23:15:58.708";"CookerOn";"2015-06-09";"391";"0";"1";"SmartPlug"
"2015-06-09 23:36:13.701";"10136";"2015-06-09 23:12:33.418";"TvOn";"2015-06-09";"1420";"0";"1";"SmartPlug"
"2015-06-10 00:17:07.353";"10136";"2015-06-09 23:36:34.125";"TvOn";"2015-06-09";"2433";"0";"1";"SmartPlug"
"2015-06-10 00:19:57.508";"10136";"2015-06-10 00:17:32.266";"TvOn";"2015-06-10";"145";"0";"1";"SmartPlug"
"2015-06-10 00:20:49.150";"10136";"2015-06-10 00:20:23.323";"TvOn";"2015-06-10";"25";"0";"1";"SmartPlug"
"2015-06-10 01:05:27.959";"10136";"2015-06-10 00:21:07.471";"TvOn";"2015-06-10";"2660";"0";"1";"SmartPlug"
"2015-06-10 10:49:11.690";"10136";"2015-06-10 10:46:57.666";"BoilerOn";"2015-06-10";"134";"0";"1";"SmartPlug"
"2015-06-10 10:50:40.811";"10136";"2015-06-10 10:49:56.887";"BoilerOn";"2015-06-10";"43";"0";"1";"SmartPlug"
"2015-06-10 10:52:10.603";"10136";"2015-06-10 10:51:44.845";"BoilerOn";"2015-06-10";"25";"0";"1";"SmartPlug"
"2015-06-11 00:24:01.491";"10136";"2015-06-11 00:22:01.753";"BoilerOn";"2015-06-11";"119";"0";"1";"SmartPlug"
"2015-06-11 00:25:21.023";"10136";"2015-06-11 00:24:55.097";"BoilerOn";"2015-06-11";"25";"0";"1";"SmartPlug"
"2015-06-11 01:09:21.113";"10136";"2015-06-11 00:15:55.074";"TvOn";"2015-06-11";"3206";"0";"1";"SmartPlug"
"2015-06-11 01:35:54.108";"10136";"2015-06-11 01:09:41.567";"TvOn";"2015-06-11";"1572";"0";"1";"SmartPlug"
"2015-06-11 09:52:29.886";"10136";"2015-06-11 09:50:27.767";"BoilerOn";"2015-06-11";"122";"0";"1";"SmartPlug"
"2015-06-11 09:55:32.396";"10136";"2015-06-11 09:55:05.987";"BoilerOn";"2015-06-11";"26";"0";"1";"SmartPlug"
"2015-06-11 10:04:50.553";"10136";"2015-06-11 10:04:37.706";"TvOn";"2015-06-11";"12";"0";"1";"SmartPlug"
"2015-06-11 10:22:40.165";"10136";"2015-06-11 10:05:18.907";"TvOn";"2015-06-11";"1041";"0";"1";"SmartPlug"
"2015-06-11 16:24:26.302";"10136";"2015-06-11 16:16:43.735";"CookerOn";"2015-06-11";"462";"0";"1";"SmartPlug"
"2015-06-11 16:26:36.446";"10136";"2015-06-11 16:24:59.070";"CookerOn";"2015-06-11";"97";"0";"1";"SmartPlug"
"2015-06-11 16:28:02.842";"10136";"2015-06-11 16:26:55.579";"CookerOn";"2015-06-11";"67";"0";"1";"SmartPlug"
"2015-06-11 16:29:41.578";"10136";"2015-06-11 16:28:34.515";"CookerOn";"2015-06-11";"67";"0";"1";"SmartPlug"
"2015-06-11 16:31:18.939";"10136";"2015-06-11 16:30:12.830";"CookerOn";"2015-06-11";"66";"0";"1";"SmartPlug"
"2015-06-11 19:13:48.187";"10136";"2015-06-11 18:51:45.818";"TvOn";"2015-06-11";"1322";"0";"1";"SmartPlug"
"2015-06-11 20:00:51.922";"10136";"2015-06-11 19:14:06.812";"TvOn";"2015-06-11";"2805";"0";"1";"SmartPlug"
"2015-06-11 20:13:51.619";"10136";"2015-06-11 20:01:11.262";"TvOn";"2015-06-11";"760";"0";"1";"SmartPlug"
"2015-06-11 20:17:14.682";"10136";"2015-06-11 20:14:10.470";"TvOn";"2015-06-11";"184";"0";"1";"SmartPlug"
"2015-06-11 20:19:03.861";"10136";"2015-06-11 20:17:33.820";"TvOn";"2015-06-11";"90";"0";"1";"SmartPlug"
"2015-06-11 20:20:07.674";"10136";"2015-06-11 20:19:22.832";"TvOn";"2015-06-11";"44";"0";"1";"SmartPlug"
"2015-06-11 20:26:42.886";"10136";"2015-06-11 20:20:26.745";"TvOn";"2015-06-11";"376";"0";"1";"SmartPlug"
"2015-06-11 21:02:42.286";"10136";"2015-06-11 21:02:27.431";"BoilerOn";"2015-06-11";"14";"0";"1";"SmartPlug"
"2015-06-11 22:43:19.789";"10136";"2015-06-11 21:01:12.258";"TvOn";"2015-06-11";"6127";"0";"1";"SmartPlug"
"2015-06-11 22:45:35.214";"10136";"2015-06-11 22:43:38.738";"TvOn";"2015-06-11";"116";"0";"1";"SmartPlug"
"2015-06-11 22:51:45.061";"10136";"2015-06-11 22:45:55.323";"TvOn";"2015-06-11";"349";"0";"1";"SmartPlug"
"2015-06-11 23:37:17.107";"10136";"2015-06-11 22:52:03.924";"TvOn";"2015-06-11";"2713";"0";"1";"SmartPlug"
"2015-06-11 23:54:42.208";"10136";"2015-06-11 23:37:35.693";"TvOn";"2015-06-11";"1026";"0";"1";"SmartPlug"
"2015-06-11 23:55:16.510";"10136";"2015-06-11 23:55:03.619";"TvOn";"2015-06-11";"12";"0";"1";"SmartPlug"
"2015-06-12 00:01:21.823";"10136";"2015-06-11 23:55:36.102";"TvOn";"2015-06-11";"345";"0";"1";"SmartPlug"
"2015-06-12 00:17:20.821";"10136";"2015-06-12 00:01:59.012";"TvOn";"2015-06-12";"921";"0";"1";"SmartPlug"
"2015-06-12 00:30:13.846";"10136";"2015-06-12 00:17:40.224";"TvOn";"2015-06-12";"753";"0";"1";"SmartPlug"
"2015-06-12 08:07:48.993";"10136";"2015-06-12 08:07:21.565";"BoilerOn";"2015-06-12";"27";"0";"1";"SmartPlug"
"2015-06-12 08:09:42.825";"10136";"2015-06-12 08:08:07.860";"BoilerOn";"2015-06-12";"94";"0";"1";"SmartPlug"
"2015-06-12 08:10:53.860";"10136";"2015-06-12 08:10:27.725";"BoilerOn";"2015-06-12";"26";"0";"1";"SmartPlug"
"2015-06-12 08:12:32.407";"10136";"2015-06-12 08:12:06.194";"BoilerOn";"2015-06-12";"26";"0";"1";"SmartPlug"
"2015-06-12 15:50:24.309";"10136";"2015-06-12 15:08:51.810";"TvOn";"2015-06-12";"2492";"0";"1";"SmartPlug"
"2015-06-12 17:54:11.581";"10136";"2015-06-12 17:25:12.071";"TvOn";"2015-06-12";"1739";"0";"1";"SmartPlug"
"2015-06-12 18:07:08.417";"10136";"2015-06-12 17:54:30.954";"TvOn";"2015-06-12";"757";"0";"1";"SmartPlug"
"2015-06-12 18:25:35.714";"10136";"2015-06-12 18:07:27.322";"TvOn";"2015-06-12";"1088";"0";"1";"SmartPlug"
"2015-06-12 21:02:55.074";"10136";"2015-06-12 21:01:33.655";"TvOn";"2015-06-12";"81";"0";"1";"SmartPlug"
"2015-06-12 22:29:18.076";"10136";"2015-06-12 21:03:20.364";"TvOn";"2015-06-12";"5157";"0";"1";"SmartPlug"
"2015-06-12 22:37:11.180";"10136";"2015-06-12 22:29:37.713";"TvOn";"2015-06-12";"453";"0";"1";"SmartPlug"
"2015-06-12 22:38:28.931";"10136";"2015-06-12 22:37:35.475";"TvOn";"2015-06-12";"53";"0";"1";"SmartPlug"
"2015-06-12 22:40:31.769";"10136";"2015-06-12 22:38:55.208";"TvOn";"2015-06-12";"96";"0";"1";"SmartPlug"
"2015-06-12 22:42:13.433";"10136";"2015-06-12 22:41:07.813";"TvOn";"2015-06-12";"65";"0";"1";"SmartPlug"
"2015-06-12 22:51:47.880";"10136";"2015-06-12 22:42:45.464";"TvOn";"2015-06-12";"542";"0";"1";"SmartPlug"
"2015-06-12 22:56:01.283";"10136";"2015-06-12 22:52:06.472";"TvOn";"2015-06-12";"234";"0";"1";"SmartPlug"
"2015-06-12 23:00:12.967";"10136";"2015-06-12 22:56:19.771";"TvOn";"2015-06-12";"233";"0";"1";"SmartPlug"
"2015-06-12 23:09:12.798";"10136";"2015-06-12 23:00:31.448";"TvOn";"2015-06-12";"521";"0";"1";"SmartPlug"
"2015-06-12 23:29:02.526";"10136";"2015-06-12 23:09:31.926";"TvOn";"2015-06-12";"1170";"0";"1";"SmartPlug"
"2015-06-12 23:45:42.203";"10136";"2015-06-12 23:30:08.413";"TvOn";"2015-06-12";"933";"0";"1";"SmartPlug"
"2015-06-13 00:03:24.005";"10136";"2015-06-12 23:46:03.637";"TvOn";"2015-06-12";"1040";"0";"1";"SmartPlug"
"2015-06-13 00:06:57.975";"10136";"2015-06-13 00:03:46.504";"TvOn";"2015-06-13";"191";"0";"1";"SmartPlug"
"2015-06-13 00:10:07.592";"10136";"2015-06-13 00:07:19.802";"TvOn";"2015-06-13";"167";"0";"1";"SmartPlug"
"2015-06-13 00:14:54.993";"10136";"2015-06-13 00:10:29.947";"TvOn";"2015-06-13";"265";"0";"1";"SmartPlug"
"2015-06-13 00:25:06.260";"10136";"2015-06-13 00:15:17.990";"TvOn";"2015-06-13";"588";"0";"1";"SmartPlug"
"2015-06-13 00:26:13.444";"10136";"2015-06-13 00:25:29.456";"TvOn";"2015-06-13";"43";"0";"1";"SmartPlug"
"2015-06-13 00:28:08.698";"10136";"2015-06-13 00:26:35.453";"TvOn";"2015-06-13";"93";"0";"1";"SmartPlug"
"2015-06-13 00:35:00.029";"10136";"2015-06-13 00:28:32.184";"TvOn";"2015-06-13";"387";"0";"1";"SmartPlug"
"2015-06-13 00:39:33.660";"10136";"2015-06-13 00:35:23.493";"TvOn";"2015-06-13";"250";"0";"1";"SmartPlug"
"2015-06-13 00:41:30.614";"10136";"2015-06-13 00:40:11.070";"TvOn";"2015-06-13";"79";"0";"1";"SmartPlug"
"2015-06-13 00:42:09.043";"10136";"2015-06-13 00:41:52.734";"TvOn";"2015-06-13";"16";"0";"1";"SmartPlug"
"2015-06-13 00:43:02.727";"10136";"2015-06-13 00:42:32.361";"TvOn";"2015-06-13";"30";"0";"1";"SmartPlug"
"2015-06-13 00:44:48.386";"10136";"2015-06-13 00:44:32.654";"BoilerOn";"2015-06-13";"15";"0";"1";"SmartPlug"
"2015-06-13 00:45:56.558";"10136";"2015-06-13 00:44:00.914";"TvOn";"2015-06-13";"115";"0";"1";"SmartPlug"
"2015-06-13 00:51:49.392";"10136";"2015-06-13 00:46:18.690";"TvOn";"2015-06-13";"330";"0";"1";"SmartPlug"
"2015-06-13 00:57:02.030";"10136";"2015-06-13 00:52:15.896";"TvOn";"2015-06-13";"286";"0";"1";"SmartPlug"
"2015-06-13 01:03:49.874";"10136";"2015-06-13 00:57:25.351";"TvOn";"2015-06-13";"384";"0";"1";"SmartPlug"
"2015-06-13 01:11:06.114";"10136";"2015-06-13 01:04:13.197";"TvOn";"2015-06-13";"412";"0";"1";"SmartPlug"
"2015-06-13 01:13:20.481";"10136";"2015-06-13 01:11:29.301";"TvOn";"2015-06-13";"111";"0";"1";"SmartPlug"
"2015-06-13 10:01:20.826";"10136";"2015-06-13 09:59:04.260";"BoilerOn";"2015-06-13";"136";"0";"1";"SmartPlug"
"2015-06-13 10:02:45.198";"10136";"2015-06-13 10:02:05.115";"BoilerOn";"2015-06-13";"40";"0";"1";"SmartPlug"
"2015-06-13 10:04:10.075";"10136";"2015-06-13 10:03:43.195";"BoilerOn";"2015-06-13";"26";"0";"1";"SmartPlug"
"2015-06-13 10:06:25.478";"10136";"2015-06-13 10:05:59.151";"BoilerOn";"2015-06-13";"26";"0";"1";"SmartPlug"
"2015-06-13 19:19:55.899";"10136";"2015-06-13 19:05:52.069";"TvOn";"2015-06-13";"843";"0";"1";"SmartPlug"
"2015-06-13 19:57:45.746";"10136";"2015-06-13 19:20:15.878";"TvOn";"2015-06-13";"2249";"0";"1";"SmartPlug"
"2015-06-14 00:08:42.203";"10136";"2015-06-13 23:35:18.986";"TvOn";"2015-06-13";"2003";"0";"1";"SmartPlug"
"2015-06-14 07:48:40.158";"10136";"2015-06-14 07:46:40.454";"BoilerOn";"2015-06-14";"119";"0";"1";"SmartPlug"
"2015-06-14 07:49:51.669";"10136";"2015-06-14 07:49:25.277";"BoilerOn";"2015-06-14";"26";"0";"1";"SmartPlug"
"2015-06-14 07:51:12.833";"10136";"2015-06-14 07:50:59.309";"BoilerOn";"2015-06-14";"13";"0";"1";"SmartPlug"
"2015-06-14 19:05:14.495";"10136";"2015-06-14 18:58:29.016";"TvOn";"2015-06-14";"405";"0";"1";"SmartPlug"
"2015-06-14 19:06:50.202";"10136";"2015-06-14 19:05:58.943";"TvOn";"2015-06-14";"51";"0";"1";"SmartPlug"
"2015-06-14 19:32:40.236";"10136";"2015-06-14 19:07:09.456";"TvOn";"2015-06-14";"1530";"0";"1";"SmartPlug"
"2015-06-14 20:24:06.190";"10136";"2015-06-14 19:32:58.979";"TvOn";"2015-06-14";"3067";"0";"1";"SmartPlug"
"2015-06-14 22:37:22.383";"10136";"2015-06-14 22:36:11.037";"CookerOn";"2015-06-14";"71";"0";"1";"SmartPlug"
"2015-06-14 22:41:52.920";"10136";"2015-06-14 22:37:46.621";"CookerOn";"2015-06-14";"246";"0";"1";"SmartPlug"
"2015-06-14 23:25:32.418";"10136";"2015-06-14 23:10:39.698";"TvOn";"2015-06-14";"892";"0";"1";"SmartPlug"
"2015-06-14 23:26:43.077";"10136";"2015-06-14 23:25:51.844";"TvOn";"2015-06-14";"51";"0";"1";"SmartPlug"
"2015-06-14 23:28:07.657";"10136";"2015-06-14 23:27:03.179";"TvOn";"2015-06-14";"64";"0";"1";"SmartPlug"
"2015-06-14 23:28:39.274";"10136";"2015-06-14 23:28:26.462";"TvOn";"2015-06-14";"12";"0";"1";"SmartPlug"
"2015-06-14 23:29:24.728";"10136";"2015-06-14 23:28:58.502";"TvOn";"2015-06-14";"26";"0";"1";"SmartPlug"
"2015-06-14 23:33:28.338";"10136";"2015-06-14 23:29:43.630";"TvOn";"2015-06-14";"224";"0";"1";"SmartPlug"
"2015-06-14 23:39:04.682";"10136";"2015-06-14 23:33:49.894";"TvOn";"2015-06-14";"314";"0";"1";"SmartPlug"
"2015-06-15 00:07:21.054";"10136";"2015-06-14 23:39:29.515";"TvOn";"2015-06-14";"1671";"0";"1";"SmartPlug"
"2015-06-15 00:31:33.532";"10136";"2015-06-15 00:07:39.780";"TvOn";"2015-06-15";"1433";"0";"1";"SmartPlug"
"2015-06-15 00:37:48.330";"10136";"2015-06-15 00:31:53.016";"TvOn";"2015-06-15";"355";"0";"1";"SmartPlug"
"2015-06-15 00:39:25.883";"10136";"2015-06-15 00:38:06.891";"TvOn";"2015-06-15";"78";"0";"1";"SmartPlug"
"2015-06-15 00:54:45.096";"10136";"2015-06-15 00:39:45.774";"TvOn";"2015-06-15";"899";"0";"1";"SmartPlug"
"2015-06-15 10:40:54.642";"10136";"2015-06-15 10:38:48.185";"BoilerOn";"2015-06-15";"126";"0";"1";"SmartPlug"
"2015-06-15 10:42:21.141";"10136";"2015-06-15 10:41:38.840";"BoilerOn";"2015-06-15";"42";"0";"1";"SmartPlug"
"2015-06-15 10:44:09.263";"10136";"2015-06-15 10:43:39.565";"BoilerOn";"2015-06-15";"29";"0";"1";"SmartPlug"
"2015-06-17 16:48:54.508";"10136";"2015-06-17 16:42:32.298";"CookerOn";"2015-06-17";"382";"0";"1";"SmartPlug"
"2015-06-17 23:24:00.142";"10136";"2015-06-17 23:22:26.798";"TvOn";"2015-06-17";"93";"0";"1";"SmartPlug"
"2015-06-17 23:57:07.511";"10136";"2015-06-17 23:24:18.924";"TvOn";"2015-06-17";"1968";"0";"1";"SmartPlug"
"2015-06-17 23:58:47.345";"10136";"2015-06-17 23:57:26.404";"TvOn";"2015-06-17";"80";"0";"1";"SmartPlug"
"2015-06-18 00:10:39.990";"10136";"2015-06-17 23:59:06.272";"TvOn";"2015-06-17";"693";"0";"1";"SmartPlug"
"2015-06-18 00:11:52.422";"10136";"2015-06-18 00:10:58.672";"TvOn";"2015-06-18";"53";"0";"1";"SmartPlug"
"2015-06-18 00:53:10.016";"10136";"2015-06-18 00:12:11.591";"TvOn";"2015-06-18";"2458";"0";"1";"SmartPlug"
"2015-06-18 01:00:02.358";"10136";"2015-06-18 00:53:28.932";"TvOn";"2015-06-18";"393";"0";"1";"SmartPlug"
"2015-06-18 09:35:01.327";"10136";"2015-06-18 09:33:16.955";"BoilerOn";"2015-06-18";"104";"0";"1";"SmartPlug"
"2015-06-18 09:36:12.318";"10136";"2015-06-18 09:35:46.712";"BoilerOn";"2015-06-18";"25";"0";"1";"SmartPlug"
"2015-06-18 09:37:51.628";"10136";"2015-06-18 09:37:23.974";"BoilerOn";"2015-06-18";"27";"0";"1";"SmartPlug"
"2015-06-18 09:39:45.297";"10136";"2015-06-18 09:39:05.018";"BoilerOn";"2015-06-18";"40";"0";"1";"SmartPlug"
"2015-06-18 15:29:36.464";"10136";"2015-06-18 15:24:42.129";"CookerOn";"2015-06-18";"294";"0";"1";"SmartPlug"
"2015-06-18 21:59:47.650";"10136";"2015-06-18 17:51:15.926";"TvOn";"2015-06-18";"14911";"0";"1";"SmartPlug"
"2015-06-19 09:34:02.894";"10136";"2015-06-19 09:24:56.453";"TvOn";"2015-06-19";"546";"0";"1";"SmartPlug"
"2015-06-19 09:47:01.359";"10136";"2015-06-19 09:34:24.240";"TvOn";"2015-06-19";"757";"0";"1";"SmartPlug"
"2015-06-19 10:12:03.926";"10136";"2015-06-19 10:09:46.017";"BoilerOn";"2015-06-19";"137";"0";"1";"SmartPlug"
"2015-06-19 10:13:03.623";"10136";"2015-06-19 10:12:37.485";"BoilerOn";"2015-06-19";"26";"0";"1";"SmartPlug"
"2015-06-19 10:14:40.901";"10136";"2015-06-19 10:14:01.933";"BoilerOn";"2015-06-19";"38";"0";"1";"SmartPlug"
"2015-06-19 10:58:13.771";"10136";"2015-06-19 09:47:24.917";"TvOn";"2015-06-19";"4248";"0";"1";"SmartPlug"
"2015-06-19 11:41:08.915";"10136";"2015-06-19 10:58:48.258";"TvOn";"2015-06-19";"2540";"0";"1";"SmartPlug"
"2015-06-22 14:53:29.442";"10136";"2015-06-22 14:45:48.310";"CookerOn";"2015-06-22";"461";"0";"1";"SmartPlug"
"2015-06-22 14:54:48.918";"10136";"2015-06-22 14:54:02.934";"CookerOn";"2015-06-22";"45";"0";"1";"SmartPlug"
"2015-06-22 17:36:49.288";"10136";"2015-06-22 17:34:42.362";"TvOn";"2015-06-22";"126";"0";"1";"SmartPlug"
"2015-06-22 17:37:47.122";"10136";"2015-06-22 17:37:15.681";"TvOn";"2015-06-22";"31";"0";"1";"SmartPlug"
"2015-06-22 17:39:12.037";"10136";"2015-06-22 17:38:56.561";"TvOn";"2015-06-22";"15";"0";"1";"SmartPlug"
"2015-06-22 17:39:53.318";"10136";"2015-06-22 17:39:37.354";"TvOn";"2015-06-22";"15";"0";"1";"SmartPlug"
"2015-06-22 17:41:35.645";"10136";"2015-06-22 17:41:20.084";"TvOn";"2015-06-22";"15";"0";"1";"SmartPlug"
"2015-06-22 20:36:43.605";"10136";"2015-06-22 19:50:37.469";"TvOn";"2015-06-22";"2766";"0";"1";"SmartPlug"
"2015-06-22 20:49:11.095";"10136";"2015-06-22 20:37:07.360";"TvOn";"2015-06-22";"723";"0";"1";"SmartPlug"
"2015-06-22 22:43:59.707";"10136";"2015-06-22 22:43:19.846";"TvOn";"2015-06-22";"39";"0";"1";"SmartPlug"
"2015-06-22 22:45:37.835";"10136";"2015-06-22 22:44:18.745";"TvOn";"2015-06-22";"79";"0";"1";"SmartPlug"
"2015-06-22 22:54:08.999";"10136";"2015-06-22 22:47:12.511";"TvOn";"2015-06-22";"416";"0";"1";"SmartPlug"
"2015-06-22 23:07:15.608";"10136";"2015-06-22 22:54:28.646";"TvOn";"2015-06-22";"766";"0";"1";"SmartPlug"
"2015-06-22 23:09:18.360";"10136";"2015-06-22 23:07:34.632";"TvOn";"2015-06-22";"103";"0";"1";"SmartPlug"
"2015-06-22 23:44:03.549";"10136";"2015-06-22 23:09:37.655";"TvOn";"2015-06-22";"2065";"0";"1";"SmartPlug"
"2015-06-23 00:00:01.535";"10136";"2015-06-22 23:44:31.261";"TvOn";"2015-06-22";"930";"0";"1";"SmartPlug"
"2015-06-23 00:06:36.413";"10136";"2015-06-23 00:00:20.775";"TvOn";"2015-06-23";"375";"0";"1";"SmartPlug"
"2015-06-23 00:41:41.737";"10136";"2015-06-23 00:06:55.572";"TvOn";"2015-06-23";"2086";"0";"1";"SmartPlug"
"2015-06-23 09:26:35.193";"10136";"2015-06-23 09:24:50.595";"BoilerOn";"2015-06-23";"104";"0";"1";"SmartPlug"
"2015-06-23 09:27:52.285";"10136";"2015-06-23 09:27:10.257";"BoilerOn";"2015-06-23";"42";"0";"1";"SmartPlug"
"2015-06-23 09:29:04.440";"10136";"2015-06-23 09:28:38.514";"BoilerOn";"2015-06-23";"25";"0";"1";"SmartPlug"
"2015-06-23 09:30:42.452";"10136";"2015-06-23 09:30:16.329";"BoilerOn";"2015-06-23";"26";"0";"1";"SmartPlug"
"2015-06-23 22:48:58.694";"10136";"2015-06-23 22:48:03.313";"CookerOn";"2015-06-23";"55";"0";"1";"SmartPlug"
"2015-06-23 22:55:57.170";"10136";"2015-06-23 22:55:00.601";"TvOn";"2015-06-23";"56";"0";"1";"SmartPlug"
"2015-06-23 22:56:32.442";"10136";"2015-06-23 22:49:17.620";"CookerOn";"2015-06-23";"434";"0";"1";"SmartPlug"
"2015-06-23 22:57:01.126";"10136";"2015-06-23 22:56:16.189";"TvOn";"2015-06-23";"44";"0";"1";"SmartPlug"
"2015-06-23 22:58:11.722";"10136";"2015-06-23 22:57:20.179";"TvOn";"2015-06-23";"51";"0";"1";"SmartPlug"
"2015-06-23 22:59:03.531";"10136";"2015-06-23 22:57:10.712";"CookerOn";"2015-06-23";"112";"0";"1";"SmartPlug"
"2015-06-23 23:00:29.931";"10136";"2015-06-23 22:59:25.275";"CookerOn";"2015-06-23";"64";"0";"1";"SmartPlug"
"2015-06-23 23:18:19.557";"10136";"2015-06-23 22:58:44.305";"TvOn";"2015-06-23";"1175";"0";"1";"SmartPlug"
"2015-06-23 23:22:48.003";"10136";"2015-06-23 23:22:19.175";"BoilerOn";"2015-06-23";"28";"0";"1";"SmartPlug"
"2015-06-23 23:59:31.315";"10136";"2015-06-23 23:18:38.533";"TvOn";"2015-06-23";"2452";"0";"1";"SmartPlug"
"2015-06-24 00:11:41.992";"10136";"2015-06-23 23:59:51.233";"TvOn";"2015-06-23";"710";"0";"1";"SmartPlug"
"2015-06-24 09:31:15.778";"10136";"2015-06-24 09:29:23.717";"BoilerOn";"2015-06-24";"112";"0";"1";"SmartPlug"
"2015-06-24 09:32:29.485";"10136";"2015-06-24 09:31:50.479";"BoilerOn";"2015-06-24";"39";"0";"1";"SmartPlug"
"2015-06-24 09:33:44.403";"10136";"2015-06-24 09:33:05.851";"BoilerOn";"2015-06-24";"38";"0";"1";"SmartPlug"
"2015-06-24 09:35:08.406";"10136";"2015-06-24 09:34:42.602";"BoilerOn";"2015-06-24";"25";"0";"1";"SmartPlug"
"2015-06-24 10:13:41.333";"10136";"2015-06-24 10:11:52.024";"BoilerOn";"2015-06-24";"109";"0";"1";"SmartPlug"
"2015-06-24 10:14:28.615";"10136";"2015-06-24 10:14:01.169";"BoilerOn";"2015-06-24";"27";"0";"1";"SmartPlug"
"2015-06-24 10:15:50.067";"10136";"2015-06-24 10:15:20.036";"BoilerOn";"2015-06-24";"30";"0";"1";"SmartPlug"
"2015-06-24 10:17:21.604";"10136";"2015-06-24 10:16:43.086";"BoilerOn";"2015-06-24";"38";"0";"1";"SmartPlug"
"2015-06-24 10:19:13.032";"10136";"2015-06-24 10:18:45.884";"BoilerOn";"2015-06-24";"27";"0";"1";"SmartPlug"
"2015-06-24 23:08:34.663";"10136";"2015-06-24 22:45:37.974";"TvOn";"2015-06-24";"1376";"0";"1";"SmartPlug"
"2015-06-24 23:10:15.818";"10136";"2015-06-24 23:08:54.678";"TvOn";"2015-06-24";"81";"0";"1";"SmartPlug"
"2015-06-24 23:28:09.096";"10136";"2015-06-24 23:10:39.381";"TvOn";"2015-06-24";"1049";"0";"1";"SmartPlug"
"2015-06-24 23:38:16.423";"10136";"2015-06-24 23:28:28.277";"TvOn";"2015-06-24";"588";"0";"1";"SmartPlug"
"2015-06-24 23:41:41.640";"10136";"2015-06-24 23:38:48.937";"TvOn";"2015-06-24";"172";"0";"1";"SmartPlug"
"2015-06-24 23:42:40.128";"10136";"2015-06-24 23:42:01.526";"TvOn";"2015-06-24";"38";"0";"1";"SmartPlug"
"2015-06-24 23:46:56.620";"10136";"2015-06-24 23:42:59.317";"TvOn";"2015-06-24";"237";"0";"1";"SmartPlug"
"2015-06-24 23:50:33.305";"10136";"2015-06-24 23:47:15.857";"TvOn";"2015-06-24";"197";"0";"1";"SmartPlug"
"2015-06-25 00:08:19.978";"10136";"2015-06-24 23:50:55.348";"TvOn";"2015-06-24";"1044";"0";"1";"SmartPlug"
"2015-06-25 00:11:43.667";"10136";"2015-06-25 00:08:39.115";"TvOn";"2015-06-25";"184";"0";"1";"SmartPlug"
"2015-06-25 00:13:39.285";"10136";"2015-06-25 00:12:20.044";"TvOn";"2015-06-25";"79";"0";"1";"SmartPlug"
"2015-06-25 00:20:36.484";"10136";"2015-06-25 00:13:58.292";"TvOn";"2015-06-25";"398";"0";"1";"SmartPlug"
"2015-06-25 09:36:37.182";"10136";"2015-06-25 09:34:38.155";"BoilerOn";"2015-06-25";"119";"0";"1";"SmartPlug"
"2015-06-25 09:37:49.669";"10136";"2015-06-25 09:37:22.268";"BoilerOn";"2015-06-25";"27";"0";"1";"SmartPlug"
"2015-06-25 09:39:26.231";"10136";"2015-06-25 09:39:00.505";"BoilerOn";"2015-06-25";"25";"0";"1";"SmartPlug"
"2015-06-25 15:42:02.907";"10136";"2015-06-25 15:34:41.456";"CookerOn";"2015-06-25";"441";"0";"1";"SmartPlug"
"2015-06-25 18:55:20.836";"10136";"2015-06-25 18:32:35.475";"TvOn";"2015-06-25";"1365";"0";"1";"SmartPlug"
"2015-06-25 19:06:33.518";"10136";"2015-06-25 18:55:40.554";"TvOn";"2015-06-25";"652";"0";"1";"SmartPlug"
"2015-06-25 19:26:46.045";"10136";"2015-06-25 19:24:37.544";"BoilerOn";"2015-06-25";"128";"0";"1";"SmartPlug"
"2015-06-25 19:28:03.758";"10136";"2015-06-25 19:27:21.346";"BoilerOn";"2015-06-25";"42";"0";"1";"SmartPlug"
"2015-06-25 19:29:27.573";"10136";"2015-06-25 19:28:58.433";"BoilerOn";"2015-06-25";"29";"0";"1";"SmartPlug"
"2015-06-25 19:33:28.494";"10136";"2015-06-25 19:33:00.855";"BoilerOn";"2015-06-25";"27";"0";"1";"SmartPlug"
"2015-06-25 20:58:21.174";"10136";"2015-06-25 20:49:21.896";"TvOn";"2015-06-25";"539";"0";"1";"SmartPlug"
"2015-06-25 21:03:19.835";"10136";"2015-06-25 21:01:07.351";"BoilerOn";"2015-06-25";"132";"0";"1";"SmartPlug"
"2015-06-25 21:04:18.478";"10136";"2015-06-25 21:03:52.774";"BoilerOn";"2015-06-25";"25";"0";"1";"SmartPlug"
"2015-06-25 21:05:29.701";"10136";"2015-06-25 21:05:03.530";"BoilerOn";"2015-06-25";"26";"0";"1";"SmartPlug"
"2015-06-25 21:06:56.534";"10136";"2015-06-25 21:06:30.952";"BoilerOn";"2015-06-25";"25";"0";"1";"SmartPlug"
"2015-06-25 21:09:01.796";"10136";"2015-06-25 21:08:23.377";"BoilerOn";"2015-06-25";"38";"0";"1";"SmartPlug"
"2015-06-26 09:30:22.957";"10136";"2015-06-26 09:28:23.284";"BoilerOn";"2015-06-26";"119";"0";"1";"SmartPlug"
"2015-06-26 09:31:35.523";"10136";"2015-06-26 09:30:54.993";"BoilerOn";"2015-06-26";"40";"0";"1";"SmartPlug"
"2015-06-26 09:32:56.820";"10136";"2015-06-26 09:32:31.082";"BoilerOn";"2015-06-26";"25";"0";"1";"SmartPlug"
"2015-06-26 09:34:32.047";"10136";"2015-06-26 09:34:05.413";"BoilerOn";"2015-06-26";"26";"0";"1";"SmartPlug"
"2015-06-26 17:35:21.828";"10136";"2015-06-26 17:29:50.240";"CookerOn";"2015-06-26";"331";"0";"1";"SmartPlug"
"2015-06-26 21:19:00.018";"10136";"2015-06-26 21:15:35.502";"CookerOn";"2015-06-26";"204";"0";"1";"SmartPlug"
"2015-06-26 22:01:08.214";"10136";"2015-06-26 20:51:53.145";"TvOn";"2015-06-26";"4155";"0";"1";"SmartPlug"
"2015-06-26 22:59:39.422";"10136";"2015-06-26 22:01:27.516";"TvOn";"2015-06-26";"3491";"0";"1";"SmartPlug"
"2015-06-26 23:02:43.271";"10136";"2015-06-26 23:00:08.000";"TvOn";"2015-06-26";"155";"0";"1";"SmartPlug"
"2015-06-26 23:05:44.880";"10136";"2015-06-26 23:03:04.549";"TvOn";"2015-06-26";"160";"0";"1";"SmartPlug"
"2015-06-26 23:41:03.717";"10136";"2015-06-26 23:06:04.017";"TvOn";"2015-06-26";"2099";"0";"1";"SmartPlug"
"2015-06-27 00:00:08.248";"10136";"2015-06-26 23:41:22.866";"TvOn";"2015-06-26";"1125";"0";"1";"SmartPlug"
"2015-06-27 00:04:09.465";"10136";"2015-06-27 00:00:30.294";"TvOn";"2015-06-27";"219";"0";"1";"SmartPlug"
"2015-06-27 10:06:57.698";"10136";"2015-06-27 10:05:00.375";"BoilerOn";"2015-06-27";"117";"0";"1";"SmartPlug"
"2015-06-27 10:08:11.280";"10136";"2015-06-27 10:07:45.609";"BoilerOn";"2015-06-27";"25";"0";"1";"SmartPlug"
"2015-06-27 10:09:38.468";"10136";"2015-06-27 10:09:10.616";"BoilerOn";"2015-06-27";"27";"0";"1";"SmartPlug"
"2015-06-27 10:11:29.452";"10136";"2015-06-27 10:11:16.650";"BoilerOn";"2015-06-27";"12";"0";"1";"SmartPlug"
"2015-06-27 10:15:05.834";"10136";"2015-06-27 09:46:54.768";"TvOn";"2015-06-27";"1691";"0";"1";"SmartPlug"
"2015-06-27 11:25:42.727";"10136";"2015-06-27 10:15:32.765";"TvOn";"2015-06-27";"4209";"0";"1";"SmartPlug"
"2015-06-27 11:27:07.377";"10136";"2015-06-27 11:26:03.088";"TvOn";"2015-06-27";"64";"0";"1";"SmartPlug"
"2015-06-27 20:33:11.145";"10136";"2015-06-27 20:30:13.509";"CookerOn";"2015-06-27";"177";"0";"1";"SmartPlug"
"2015-06-27 20:36:31.457";"10136";"2015-06-27 20:33:54.024";"CookerOn";"2015-06-27";"157";"0";"1";"SmartPlug"
"2015-06-27 20:38:38.082";"10136";"2015-06-27 20:36:53.766";"CookerOn";"2015-06-27";"104";"0";"1";"SmartPlug"
"2015-06-27 23:08:56.487";"10136";"2015-06-27 19:02:48.554";"TvOn";"2015-06-27";"14767";"0";"1";"SmartPlug"
"2015-06-27 23:23:25.489";"10136";"2015-06-27 23:22:07.065";"TvOn";"2015-06-27";"78";"0";"1";"SmartPlug"
"2015-06-27 23:25:32.093";"10136";"2015-06-27 23:23:45.125";"TvOn";"2015-06-27";"106";"0";"1";"SmartPlug"
"2015-06-27 23:28:55.412";"10136";"2015-06-27 23:26:05.497";"TvOn";"2015-06-27";"169";"0";"1";"SmartPlug"
"2015-06-27 23:34:53.148";"10136";"2015-06-27 23:29:14.716";"TvOn";"2015-06-27";"338";"0";"1";"SmartPlug"
"2015-06-27 23:52:56.453";"10136";"2015-06-27 23:35:12.461";"TvOn";"2015-06-27";"1063";"0";"1";"SmartPlug"
"2015-06-28 00:28:54.520";"10136";"2015-06-27 23:53:15.653";"TvOn";"2015-06-27";"2138";"0";"1";"SmartPlug"
"2015-06-28 00:30:18.475";"10136";"2015-06-28 00:29:13.919";"TvOn";"2015-06-28";"64";"0";"1";"SmartPlug"
"2015-06-28 02:04:39.734";"10136";"2015-06-28 00:30:37.937";"TvOn";"2015-06-28";"5641";"0";"1";"SmartPlug"
"2015-06-28 02:42:01.864";"10136";"2015-06-28 02:05:04.496";"TvOn";"2015-06-28";"2217";"0";"1";"SmartPlug"
"2015-06-28 03:08:09.608";"10136";"2015-06-28 02:42:21.134";"TvOn";"2015-06-28";"1548";"0";"1";"SmartPlug"
"2015-06-28 03:08:43.854";"10136";"2015-06-28 03:08:29.098";"TvOn";"2015-06-28";"14";"0";"1";"SmartPlug"
"2015-06-28 03:19:41.227";"10136";"2015-06-28 03:09:05.299";"TvOn";"2015-06-28";"635";"0";"1";"SmartPlug"
"2015-06-28 11:55:03.889";"10136";"2015-06-28 11:52:59.958";"BoilerOn";"2015-06-28";"123";"0";"1";"SmartPlug"
"2015-06-28 11:56:09.388";"10136";"2015-06-28 11:55:43.634";"BoilerOn";"2015-06-28";"25";"0";"1";"SmartPlug"
"2015-06-28 11:57:34.535";"10136";"2015-06-28 11:56:54.661";"BoilerOn";"2015-06-28";"39";"0";"1";"SmartPlug"
"2015-06-28 11:58:59.426";"10136";"2015-06-28 11:58:33.277";"BoilerOn";"2015-06-28";"26";"0";"1";"SmartPlug"
"2015-06-28 15:29:33.994";"10136";"2015-06-28 15:22:10.235";"CookerOn";"2015-06-28";"443";"0";"1";"SmartPlug"
"2015-06-28 15:31:41.054";"10136";"2015-06-28 15:30:09.438";"CookerOn";"2015-06-28";"91";"0";"1";"SmartPlug"
"2015-06-28 15:33:30.469";"10136";"2015-06-28 15:32:13.414";"CookerOn";"2015-06-28";"77";"0";"1";"SmartPlug"
"2015-06-28 15:35:21.724";"10136";"2015-06-28 15:34:17.391";"CookerOn";"2015-06-28";"64";"0";"1";"SmartPlug"
"2015-06-28 15:37:15.554";"10136";"2015-06-28 15:36:07.286";"CookerOn";"2015-06-28";"68";"0";"1";"SmartPlug"
"2015-06-28 15:39:08.137";"10136";"2015-06-28 15:38:01.465";"CookerOn";"2015-06-28";"66";"0";"1";"SmartPlug"
"2015-06-28 15:40:59.708";"10136";"2015-06-28 15:39:53.145";"CookerOn";"2015-06-28";"66";"0";"1";"SmartPlug"
"2015-06-28 15:44:49.635";"10136";"2015-06-28 15:42:25.413";"CookerOn";"2015-06-28";"144";"0";"1";"SmartPlug"
"2015-06-28 15:46:58.210";"10136";"2015-06-28 15:45:23.346";"CookerOn";"2015-06-28";"94";"0";"1";"SmartPlug"
"2015-06-28 15:48:53.466";"10136";"2015-06-28 15:47:34.976";"CookerOn";"2015-06-28";"78";"0";"1";"SmartPlug"
"2015-06-28 15:50:04.604";"10136";"2015-06-28 15:49:38.999";"CookerOn";"2015-06-28";"25";"0";"1";"SmartPlug"
"2015-06-28 16:00:50.140";"10136";"2015-06-28 16:00:24.391";"WashingMachineOn";"2015-06-28";"25";"0";"1";"SmartPlug"
"2015-06-28 16:02:27.065";"10136";"2015-06-28 16:02:01.452";"WashingMachineOn";"2015-06-28";"25";"0";"1";"SmartPlug"
"2015-06-28 16:02:59.374";"10136";"2015-06-28 16:02:46.616";"WashingMachineOn";"2015-06-28";"12";"0";"1";"SmartPlug"
"2015-06-28 16:05:26.077";"10136";"2015-06-28 14:57:22.511";"TvOn";"2015-06-28";"4083";"0";"1";"SmartPlug"
"2015-06-28 16:06:14.869";"10136";"2015-06-28 16:03:31.690";"WashingMachineOn";"2015-06-28";"163";"0";"1";"SmartPlug"
"2015-06-28 16:39:09.171";"10136";"2015-06-28 16:38:28.596";"CookerOn";"2015-06-28";"40";"0";"1";"SmartPlug"
"2015-06-28 16:40:46.538";"10136";"2015-06-28 16:34:48.557";"WashingMachineOn";"2015-06-28";"357";"0";"1";"SmartPlug"
"2015-06-28 17:14:13.513";"10136";"2015-06-28 17:12:55.601";"WashingMachineOn";"2015-06-28";"77";"0";"1";"SmartPlug"
"2015-06-28 17:14:57.081";"10136";"2015-06-28 16:05:46.528";"TvOn";"2015-06-28";"4150";"0";"1";"SmartPlug"
"2015-06-28 17:15:32.038";"10136";"2015-06-28 17:15:19.257";"WashingMachineOn";"2015-06-28";"12";"0";"1";"SmartPlug"
"2015-06-29 00:08:49.859";"10136";"2015-06-28 23:03:36.516";"TvOn";"2015-06-28";"3913";"0";"1";"SmartPlug"
"2015-06-29 01:10:57.357";"10136";"2015-06-29 00:09:11.214";"TvOn";"2015-06-29";"3706";"0";"1";"SmartPlug"
"2015-06-29 01:13:16.830";"10136";"2015-06-29 01:11:29.708";"TvOn";"2015-06-29";"107";"0";"1";"SmartPlug"
"2015-06-29 01:13:49.524";"10136";"2015-06-29 01:13:36.578";"TvOn";"2015-06-29";"12";"0";"1";"SmartPlug"
"2015-06-29 01:14:47.425";"10136";"2015-06-29 01:14:08.806";"TvOn";"2015-06-29";"38";"0";"1";"SmartPlug"
"2015-06-29 01:17:53.536";"10136";"2015-06-29 01:15:06.895";"TvOn";"2015-06-29";"166";"0";"1";"SmartPlug"
"2015-06-29 01:54:38.400";"10136";"2015-06-29 01:18:15.015";"TvOn";"2015-06-29";"2183";"0";"1";"SmartPlug"
"2015-06-29 10:10:13.847";"10136";"2015-06-29 10:08:12.268";"BoilerOn";"2015-06-29";"121";"0";"1";"SmartPlug"
"2015-06-29 10:11:15.352";"10136";"2015-06-29 10:10:48.155";"BoilerOn";"2015-06-29";"27";"0";"1";"SmartPlug"
"2015-06-29 10:12:44.126";"10136";"2015-06-29 10:12:05.414";"BoilerOn";"2015-06-29";"38";"0";"1";"SmartPlug"
"2015-06-29 10:14:21.031";"10136";"2015-06-29 10:13:42.602";"BoilerOn";"2015-06-29";"38";"0";"1";"SmartPlug"
"2015-06-29 15:12:38.446";"10136";"2015-06-29 15:10:41.593";"BoilerOn";"2015-06-29";"116";"0";"1";"SmartPlug"
"2015-06-29 15:13:54.839";"10136";"2015-06-29 15:13:29.205";"BoilerOn";"2015-06-29";"25";"0";"1";"SmartPlug"
"2015-06-29 16:05:51.796";"10136";"2015-06-29 16:05:11.580";"CookerOn";"2015-06-29";"40";"0";"1";"SmartPlug"
"2015-06-29 17:49:48.518";"10136";"2015-06-29 15:12:24.360";"TvOn";"2015-06-29";"9444";"0";"1";"SmartPlug"
"2015-06-29 18:00:36.687";"10136";"2015-06-29 17:50:12.473";"TvOn";"2015-06-29";"624";"0";"1";"SmartPlug"
"2015-06-29 18:32:59.782";"10136";"2015-06-29 18:00:56.278";"TvOn";"2015-06-29";"1923";"0";"1";"SmartPlug"
"2015-06-29 18:55:29.012";"10136";"2015-06-29 18:33:20.051";"TvOn";"2015-06-29";"1328";"0";"1";"SmartPlug"
"2015-06-29 19:29:42.708";"10136";"2015-06-29 18:55:48.756";"TvOn";"2015-06-29";"2033";"0";"1";"SmartPlug"
"2015-06-29 19:33:18.208";"10136";"2015-06-29 19:30:28.637";"TvOn";"2015-06-29";"169";"0";"1";"SmartPlug"
"2015-06-29 22:00:44.027";"10136";"2015-06-29 20:45:07.258";"TvOn";"2015-06-29";"4536";"0";"1";"SmartPlug"
"2015-06-29 22:19:39.810";"10136";"2015-06-29 22:19:25.502";"TvOn";"2015-06-29";"14";"0";"1";"SmartPlug"
"2015-06-30 01:05:56.778";"10136";"2015-06-29 22:19:59.553";"TvOn";"2015-06-29";"9957";"0";"1";"SmartPlug"
"2015-06-30 01:07:48.343";"10136";"2015-06-30 01:06:30.353";"TvOn";"2015-06-30";"77";"0";"1";"SmartPlug"
"2015-06-30 01:08:49.932";"10136";"2015-06-30 01:08:22.186";"TvOn";"2015-06-30";"27";"0";"1";"SmartPlug"
"2015-06-30 01:22:44.432";"10136";"2015-06-30 01:09:11.537";"TvOn";"2015-06-30";"812";"0";"1";"SmartPlug"
"2015-06-30 02:02:08.671";"10136";"2015-06-30 01:23:03.869";"TvOn";"2015-06-30";"2344";"0";"1";"SmartPlug"
"2015-06-30 02:30:57.309";"10136";"2015-06-30 02:02:29.705";"TvOn";"2015-06-30";"1707";"0";"1";"SmartPlug"
"2015-06-30 10:41:04.933";"10136";"2015-06-30 10:38:59.927";"BoilerOn";"2015-06-30";"125";"0";"1";"SmartPlug"
"2015-06-30 10:42:17.449";"10136";"2015-06-30 10:41:38.095";"BoilerOn";"2015-06-30";"39";"0";"1";"SmartPlug"
"2015-06-30 10:43:45.685";"10136";"2015-06-30 10:43:20.103";"BoilerOn";"2015-06-30";"25";"0";"1";"SmartPlug"
"2015-06-30 10:45:56.123";"10136";"2015-06-30 10:45:43.304";"BoilerOn";"2015-06-30";"12";"0";"1";"SmartPlug"
"2015-06-30 12:05:04.256";"10136";"2015-06-30 11:54:52.696";"CookerOn";"2015-06-30";"611";"0";"1";"SmartPlug"
"2015-06-30 12:07:17.263";"10136";"2015-06-30 12:05:25.653";"CookerOn";"2015-06-30";"111";"0";"1";"SmartPlug"
"2015-06-30 12:09:19.569";"10136";"2015-06-30 12:07:36.576";"CookerOn";"2015-06-30";"102";"0";"1";"SmartPlug"
"2015-06-30 12:11:58.461";"10136";"2015-06-30 12:09:53.361";"CookerOn";"2015-06-30";"125";"0";"1";"SmartPlug"
"2015-06-30 12:13:52.375";"10136";"2015-06-30 12:12:31.484";"CookerOn";"2015-06-30";"80";"0";"1";"SmartPlug"
"2015-06-30 12:16:03.646";"10136";"2015-06-30 12:14:29.971";"CookerOn";"2015-06-30";"93";"0";"1";"SmartPlug"
"2015-06-30 12:18:09.995";"10136";"2015-06-30 12:16:36.021";"CookerOn";"2015-06-30";"93";"0";"1";"SmartPlug"
"2015-06-30 12:20:23.214";"10136";"2015-06-30 12:19:02.839";"CookerOn";"2015-06-30";"80";"0";"1";"SmartPlug"
"2015-06-30 12:22:16.152";"10136";"2015-06-30 12:21:22.076";"CookerOn";"2015-06-30";"54";"0";"1";"SmartPlug"
"2015-06-30 12:24:12.715";"10136";"2015-06-30 12:23:04.532";"CookerOn";"2015-06-30";"68";"0";"1";"SmartPlug"
"2015-06-30 12:25:51.748";"10136";"2015-06-30 12:24:59.736";"CookerOn";"2015-06-30";"52";"0";"1";"SmartPlug"
"2015-06-30 12:27:42.711";"10136";"2015-06-30 12:26:38.390";"CookerOn";"2015-06-30";"64";"0";"1";"SmartPlug"
"2015-06-30 12:29:10.875";"10136";"2015-06-30 12:28:17.882";"CookerOn";"2015-06-30";"52";"0";"1";"SmartPlug"
"2015-06-30 12:30:24.483";"10136";"2015-06-30 12:29:30.681";"CookerOn";"2015-06-30";"53";"0";"1";"SmartPlug"
"2015-06-30 12:32:14.180";"10136";"2015-06-30 12:31:07.717";"CookerOn";"2015-06-30";"66";"0";"1";"SmartPlug"
"2015-06-30 12:34:22.330";"10136";"2015-06-30 12:33:01.633";"CookerOn";"2015-06-30";"80";"0";"1";"SmartPlug"
"2015-06-30 12:36:12.446";"10136";"2015-06-30 12:34:55.301";"CookerOn";"2015-06-30";"77";"0";"1";"SmartPlug"
"2015-06-30 12:37:49.155";"10136";"2015-06-30 12:36:57.775";"CookerOn";"2015-06-30";"51";"0";"1";"SmartPlug"
"2015-06-30 12:39:26.261";"10136";"2015-06-30 12:38:34.871";"CookerOn";"2015-06-30";"51";"0";"1";"SmartPlug"
"2015-06-30 12:41:03.977";"10136";"2015-06-30 12:39:58.699";"CookerOn";"2015-06-30";"65";"0";"1";"SmartPlug"
"2015-06-30 12:43:59.550";"10136";"2015-06-30 12:43:31.646";"TvOn";"2015-06-30";"27";"0";"1";"SmartPlug"
"2015-06-30 12:47:51.825";"10136";"2015-06-30 12:46:06.043";"BoilerOn";"2015-06-30";"105";"0";"1";"SmartPlug"
"2015-06-30 12:49:13.864";"10136";"2015-06-30 12:48:43.800";"BoilerOn";"2015-06-30";"30";"0";"1";"SmartPlug"
"2015-06-30 12:50:52.888";"10136";"2015-06-30 12:50:27.196";"BoilerOn";"2015-06-30";"25";"0";"1";"SmartPlug"
"2015-06-30 13:06:52.054";"10136";"2015-06-30 13:06:24.640";"BoilerOn";"2015-06-30";"27";"0";"1";"SmartPlug"
"2015-06-30 13:07:07.451";"10136";"2015-06-30 13:03:30.909";"CookerOn";"2015-06-30";"216";"0";"1";"SmartPlug"
"2015-06-30 13:54:53.557";"10136";"2015-06-30 12:44:21.182";"TvOn";"2015-06-30";"4232";"0";"1";"SmartPlug"
"2015-06-30 22:09:30.387";"10136";"2015-06-30 22:05:10.078";"CookerOn";"2015-06-30";"260";"0";"1";"SmartPlug"
"2015-06-30 22:47:29.580";"10136";"2015-06-30 22:47:16.720";"BoilerOn";"2015-06-30";"12";"0";"1";"SmartPlug"
"2015-06-30 23:31:06.340";"10136";"2015-06-30 22:38:02.261";"TvOn";"2015-06-30";"3184";"0";"1";"SmartPlug"
"2015-06-30 23:34:15.144";"10136";"2015-06-30 23:31:26.106";"TvOn";"2015-06-30";"169";"0";"1";"SmartPlug"
"2015-06-30 23:50:25.967";"10136";"2015-06-30 23:34:34.985";"TvOn";"2015-06-30";"950";"0";"1";"SmartPlug"
"2015-06-30 23:52:05.447";"10136";"2015-06-30 23:50:48.166";"TvOn";"2015-06-30";"77";"0";"1";"SmartPlug"
"2015-06-30 23:54:49.608";"10136";"2015-06-30 23:52:25.731";"TvOn";"2015-06-30";"143";"0";"1";"SmartPlug"
"2015-06-30 23:56:14.121";"10136";"2015-06-30 23:55:09.621";"TvOn";"2015-06-30";"64";"0";"1";"SmartPlug"
"2015-07-01 00:00:27.182";"10136";"2015-06-30 23:56:46.845";"TvOn";"2015-06-30";"220";"0";"1";"SmartPlug"
"2015-07-01 10:00:22.319";"10136";"2015-07-01 09:58:10.799";"BoilerOn";"2015-07-01";"131";"0";"1";"SmartPlug"
"2015-07-01 10:01:35.836";"10136";"2015-07-01 10:00:55.412";"BoilerOn";"2015-07-01";"40";"0";"1";"SmartPlug"
"2015-07-01 10:03:14.886";"10136";"2015-07-01 10:02:35.443";"BoilerOn";"2015-07-01";"39";"0";"1";"SmartPlug"
"2015-07-01 10:51:04.448";"10136";"2015-07-01 09:47:26.007";"TvOn";"2015-07-01";"3818";"0";"1";"SmartPlug"
"2015-07-01 22:27:07.076";"10136";"2015-07-01 21:22:23.796";"TvOn";"2015-07-01";"3883";"0";"1";"SmartPlug"
"2015-07-01 22:37:34.884";"10136";"2015-07-01 22:32:07.667";"CookerOn";"2015-07-01";"327";"0";"1";"SmartPlug"
"2015-07-01 23:42:43.444";"10136";"2015-07-01 22:27:36.475";"TvOn";"2015-07-01";"4506";"0";"1";"SmartPlug"
"2015-07-02 01:08:44.013";"10136";"2015-07-01 23:43:03.751";"TvOn";"2015-07-01";"5140";"0";"1";"SmartPlug"
"2015-07-02 01:22:05.466";"10136";"2015-07-02 01:10:08.527";"TvOn";"2015-07-02";"716";"0";"1";"SmartPlug"
"2015-07-02 01:23:18.344";"10136";"2015-07-02 01:22:24.979";"TvOn";"2015-07-02";"53";"0";"1";"SmartPlug"
"2015-07-02 01:50:26.861";"10136";"2015-07-02 01:23:38.620";"TvOn";"2015-07-02";"1608";"0";"1";"SmartPlug"
"2015-07-02 01:52:04.265";"10136";"2015-07-02 01:50:46.572";"TvOn";"2015-07-02";"77";"0";"1";"SmartPlug"
"2015-07-02 01:53:54.328";"10136";"2015-07-02 01:52:23.999";"TvOn";"2015-07-02";"90";"0";"1";"SmartPlug"
"2015-07-02 02:12:05.529";"10136";"2015-07-02 01:54:14.073";"TvOn";"2015-07-02";"1071";"0";"1";"SmartPlug"
"2015-07-02 02:16:06.331";"10136";"2015-07-02 02:12:25.232";"TvOn";"2015-07-02";"221";"0";"1";"SmartPlug"
"2015-07-02 10:03:39.360";"10136";"2015-07-02 10:01:39.922";"BoilerOn";"2015-07-02";"119";"0";"1";"SmartPlug"
"2015-07-02 10:05:08.725";"10136";"2015-07-02 10:04:30.392";"BoilerOn";"2015-07-02";"38";"0";"1";"SmartPlug"
"2015-07-02 10:06:49.355";"10136";"2015-07-02 10:06:23.498";"BoilerOn";"2015-07-02";"25";"0";"1";"SmartPlug"
"2015-07-02 10:39:23.728";"10136";"2015-07-02 10:38:44.053";"TvOn";"2015-07-02";"39";"0";"1";"SmartPlug"
"2015-07-02 11:02:48.347";"10136";"2015-07-02 10:39:45.824";"TvOn";"2015-07-02";"1382";"0";"1";"SmartPlug"
"2015-07-02 11:16:31.919";"10136";"2015-07-02 11:03:09.913";"TvOn";"2015-07-02";"802";"0";"1";"SmartPlug"
"2015-07-02 11:54:14.214";"10136";"2015-07-02 11:16:52.509";"TvOn";"2015-07-02";"2241";"0";"1";"SmartPlug"
"2015-07-02 15:42:06.999";"10136";"2015-07-02 15:38:23.080";"CookerOn";"2015-07-02";"223";"0";"1";"SmartPlug"
"2015-07-02 15:45:48.763";"10136";"2015-07-02 15:42:46.568";"CookerOn";"2015-07-02";"182";"0";"1";"SmartPlug"
"2015-07-02 15:47:37.872";"10136";"2015-07-02 15:46:26.326";"CookerOn";"2015-07-02";"71";"0";"1";"SmartPlug"
"2015-07-02 17:08:56.258";"10136";"2015-07-02 16:36:28.929";"TvOn";"2015-07-02";"1947";"0";"1";"SmartPlug"
"2015-07-02 22:55:12.020";"10136";"2015-07-02 22:25:56.162";"TvOn";"2015-07-02";"1755";"0";"1";"SmartPlug"
"2015-07-02 22:56:23.787";"10136";"2015-07-02 22:55:32.277";"TvOn";"2015-07-02";"51";"0";"1";"SmartPlug"
"2015-07-02 23:00:13.409";"10136";"2015-07-02 22:56:44.362";"TvOn";"2015-07-02";"209";"0";"1";"SmartPlug"
"2015-07-02 23:33:24.988";"10136";"2015-07-02 23:00:33.276";"TvOn";"2015-07-02";"1971";"0";"1";"SmartPlug"
"2015-07-03 00:12:06.956";"10136";"2015-07-02 23:33:46.499";"TvOn";"2015-07-02";"2300";"0";"1";"SmartPlug"
"2015-07-03 00:47:38.529";"10136";"2015-07-03 00:13:01.649";"TvOn";"2015-07-03";"2076";"0";"1";"SmartPlug"
"2015-07-03 00:49:16.821";"10136";"2015-07-03 00:47:58.487";"TvOn";"2015-07-03";"78";"0";"1";"SmartPlug"
"2015-07-03 00:59:01.453";"10136";"2015-07-03 00:49:36.712";"TvOn";"2015-07-03";"564";"0";"1";"SmartPlug"
"2015-07-03 01:00:42.031";"10136";"2015-07-03 00:59:23.019";"TvOn";"2015-07-03";"79";"0";"1";"SmartPlug"
"2015-07-03 09:21:18.007";"10136";"2015-07-03 09:19:17.106";"BoilerOn";"2015-07-03";"120";"0";"1";"SmartPlug"
"2015-07-03 09:22:30.304";"10136";"2015-07-03 09:22:04.592";"BoilerOn";"2015-07-03";"25";"0";"1";"SmartPlug"
"2015-07-03 09:24:11.406";"10136";"2015-07-03 09:23:45.602";"BoilerOn";"2015-07-03";"25";"0";"1";"SmartPlug"
"2015-07-03 09:26:16.236";"10136";"2015-07-03 09:26:02.978";"BoilerOn";"2015-07-03";"13";"0";"1";"SmartPlug"
"2015-07-03 10:41:25.167";"10136";"2015-07-03 09:41:17.518";"TvOn";"2015-07-03";"3607";"0";"1";"SmartPlug"
"2015-07-03 14:56:38.427";"10136";"2015-07-03 14:52:13.554";"TvOn";"2015-07-03";"264";"0";"1";"SmartPlug"
"2015-07-03 14:58:16.232";"10136";"2015-07-03 14:56:58.374";"TvOn";"2015-07-03";"77";"0";"1";"SmartPlug"
"2015-07-03 15:06:20.195";"10136";"2015-07-03 14:58:36.556";"TvOn";"2015-07-03";"463";"0";"1";"SmartPlug"
"2015-07-03 16:08:09.162";"10136";"2015-07-03 15:06:40.547";"TvOn";"2015-07-03";"3688";"0";"1";"SmartPlug"
"2015-07-03 16:13:29.750";"10136";"2015-07-03 16:08:29.086";"TvOn";"2015-07-03";"300";"0";"1";"SmartPlug"
"2015-07-03 18:55:08.461";"10136";"2015-07-03 18:31:20.900";"TvOn";"2015-07-03";"1427";"0";"1";"SmartPlug"
"2015-07-03 19:05:19.574";"10136";"2015-07-03 18:55:30.350";"TvOn";"2015-07-03";"589";"0";"1";"SmartPlug"
"2015-07-03 19:12:49.035";"10136";"2015-07-03 19:05:40.840";"TvOn";"2015-07-03";"428";"0";"1";"SmartPlug"
"2015-07-03 19:14:44.889";"10136";"2015-07-03 19:13:27.498";"TvOn";"2015-07-03";"77";"0";"1";"SmartPlug"
"2015-07-03 19:28:27.098";"10136";"2015-07-03 19:15:04.625";"TvOn";"2015-07-03";"802";"0";"1";"SmartPlug"
"2015-07-03 19:51:41.235";"10136";"2015-07-03 19:49:43.893";"BoilerOn";"2015-07-03";"117";"0";"1";"SmartPlug"
"2015-07-03 19:52:53.101";"10136";"2015-07-03 19:52:14.771";"BoilerOn";"2015-07-03";"38";"0";"1";"SmartPlug"
"2015-07-03 19:54:12.744";"10136";"2015-07-03 19:53:47.082";"BoilerOn";"2015-07-03";"25";"0";"1";"SmartPlug"
"2015-07-03 19:56:21.567";"10136";"2015-07-03 19:55:52.868";"BoilerOn";"2015-07-03";"28";"0";"1";"SmartPlug"
"2015-07-03 21:14:09.644";"10136";"2015-07-03 20:41:23.118";"TvOn";"2015-07-03";"1966";"0";"1";"SmartPlug"
"2015-07-03 21:32:56.570";"10136";"2015-07-03 21:27:37.312";"CookerOn";"2015-07-03";"319";"0";"1";"SmartPlug"
"2015-07-03 22:27:33.441";"10136";"2015-07-03 21:14:45.093";"TvOn";"2015-07-03";"4368";"0";"1";"SmartPlug"
"2015-07-03 22:28:28.074";"10136";"2015-07-03 22:28:01.749";"TvOn";"2015-07-03";"26";"0";"1";"SmartPlug"
"2015-07-03 23:01:44.624";"10136";"2015-07-03 22:28:48.299";"TvOn";"2015-07-03";"1976";"0";"1";"SmartPlug"
"2015-07-03 23:07:56.883";"10136";"2015-07-03 23:02:04.931";"TvOn";"2015-07-03";"351";"0";"1";"SmartPlug"
"2015-07-04 00:01:01.811";"10136";"2015-07-03 23:08:16.940";"TvOn";"2015-07-03";"3164";"0";"1";"SmartPlug"
"2015-07-04 00:02:52.427";"10136";"2015-07-04 00:01:47.430";"TvOn";"2015-07-04";"64";"0";"1";"SmartPlug"
"2015-07-04 02:08:09.795";"10136";"2015-07-04 00:03:12.543";"TvOn";"2015-07-04";"7497";"0";"1";"SmartPlug"
"2015-07-04 10:39:30.840";"10136";"2015-07-04 10:37:32.716";"BoilerOn";"2015-07-04";"118";"0";"1";"SmartPlug"
"2015-07-04 10:40:42.789";"10136";"2015-07-04 10:40:16.463";"BoilerOn";"2015-07-04";"26";"0";"1";"SmartPlug"
"2015-07-04 10:42:22.008";"10136";"2015-07-04 10:41:56.303";"BoilerOn";"2015-07-04";"25";"0";"1";"SmartPlug"
"2015-07-04 12:31:19.465";"10136";"2015-07-04 12:02:59.713";"TvOn";"2015-07-04";"1699";"0";"1";"SmartPlug"
"2015-07-04 13:34:37.138";"10136";"2015-07-04 13:31:45.214";"TvOn";"2015-07-04";"171";"0";"1";"SmartPlug"
"2015-07-04 13:44:17.801";"10136";"2015-07-04 13:35:00.003";"TvOn";"2015-07-04";"557";"0";"1";"SmartPlug"
"2015-07-04 14:13:45.248";"10136";"2015-07-04 14:13:31.447";"WashingMachineOn";"2015-07-04";"13";"0";"1";"SmartPlug"
"2015-07-04 14:24:18.837";"10136";"2015-07-04 14:22:30.893";"BoilerOn";"2015-07-04";"107";"0";"1";"SmartPlug"
"2015-07-04 14:25:13.148";"10136";"2015-07-04 14:24:47.299";"BoilerOn";"2015-07-04";"25";"0";"1";"SmartPlug"
"2015-07-04 14:26:35.370";"10136";"2015-07-04 14:25:55.953";"BoilerOn";"2015-07-04";"39";"0";"1";"SmartPlug"
"2015-07-04 14:28:00.058";"10136";"2015-07-04 14:27:34.145";"BoilerOn";"2015-07-04";"25";"0";"1";"SmartPlug"
"2015-07-04 14:35:40.358";"10136";"2015-07-04 14:28:22.349";"WashingMachineOn";"2015-07-04";"438";"0";"1";"SmartPlug"
"2015-07-04 14:39:17.334";"10136";"2015-07-04 14:38:11.983";"WashingMachineOn";"2015-07-04";"65";"0";"1";"SmartPlug"
"2015-07-04 14:47:03.382";"10136";"2015-07-04 13:44:38.864";"TvOn";"2015-07-04";"3744";"0";"1";"SmartPlug"
"2015-07-04 14:55:02.689";"10136";"2015-07-04 14:41:10.973";"WashingMachineOn";"2015-07-04";"831";"0";"1";"SmartPlug"
"2015-07-04 14:55:47.838";"10136";"2015-07-04 14:47:23.753";"TvOn";"2015-07-04";"504";"0";"1";"SmartPlug"
"2015-07-04 14:57:52.346";"10136";"2015-07-04 14:56:08.088";"TvOn";"2015-07-04";"104";"0";"1";"SmartPlug"
"2015-07-04 14:58:47.276";"10136";"2015-07-04 14:58:21.590";"TvOn";"2015-07-04";"25";"0";"1";"SmartPlug"
"2015-07-04 15:55:07.843";"10136";"2015-07-04 14:59:07.741";"TvOn";"2015-07-04";"3360";"0";"1";"SmartPlug"
"2015-07-04 15:57:46.942";"10136";"2015-07-04 15:57:33.573";"WashingMachineOn";"2015-07-04";"13";"0";"1";"SmartPlug"
"2015-07-04 16:02:40.190";"10136";"2015-07-04 16:00:02.799";"WashingMachineOn";"2015-07-04";"157";"0";"1";"SmartPlug"
"2015-07-04 16:26:22.926";"10136";"2015-07-04 16:21:25.641";"WashingMachineOn";"2015-07-04";"297";"0";"1";"SmartPlug"
"2015-07-04 16:40:38.959";"10136";"2015-07-04 16:15:05.705";"VacuumOn";"2015-07-04";"1533";"0";"1";"SmartPlug"
"2015-07-04 16:54:56.402";"10136";"2015-07-04 16:46:05.899";"VacuumOn";"2015-07-04";"530";"0";"1";"SmartPlug"
"2015-07-04 17:42:25.378";"10136";"2015-07-04 17:38:25.695";"CookerOn";"2015-07-04";"239";"0";"1";"SmartPlug"
"2015-07-04 19:17:09.549";"10136";"2015-07-04 18:59:12.573";"TvOn";"2015-07-04";"1076";"0";"1";"SmartPlug"
"2015-07-04 20:55:58.427";"10136";"2015-07-04 20:22:39.280";"TvOn";"2015-07-04";"1999";"0";"1";"SmartPlug"
"2015-07-04 22:00:44.161";"10136";"2015-07-04 20:57:49.325";"TvOn";"2015-07-04";"3774";"0";"1";"SmartPlug"
"2015-07-04 22:01:18.418";"10136";"2015-07-04 22:01:05.517";"TvOn";"2015-07-04";"12";"0";"1";"SmartPlug"
"2015-07-04 22:08:20.400";"10136";"2015-07-04 22:01:38.488";"TvOn";"2015-07-04";"401";"0";"1";"SmartPlug"
"2015-07-04 22:40:38.596";"10136";"2015-07-04 22:08:40.337";"TvOn";"2015-07-04";"1918";"0";"1";"SmartPlug"
"2015-07-05 00:28:27.949";"10136";"2015-07-04 23:45:00.909";"TvOn";"2015-07-04";"2607";"0";"1";"SmartPlug"
"2015-07-05 00:47:35.525";"10136";"2015-07-05 00:28:48.036";"TvOn";"2015-07-05";"1127";"0";"1";"SmartPlug"
"2015-07-05 01:01:58.060";"10136";"2015-07-05 00:47:55.501";"TvOn";"2015-07-05";"842";"0";"1";"SmartPlug"
"2015-07-05 01:02:44.045";"10136";"2015-07-05 01:02:18.235";"TvOn";"2015-07-05";"25";"0";"1";"SmartPlug"
"2015-07-05 01:03:43.075";"10136";"2015-07-05 01:03:04.054";"TvOn";"2015-07-05";"39";"0";"1";"SmartPlug"
"2015-07-05 01:04:16.291";"10136";"2015-07-05 01:04:03.222";"TvOn";"2015-07-05";"13";"0";"1";"SmartPlug"
"2015-07-05 01:06:08.362";"10136";"2015-07-05 01:04:37.454";"TvOn";"2015-07-05";"90";"0";"1";"SmartPlug"
"2015-07-05 01:07:07.201";"10136";"2015-07-05 01:06:28.464";"TvOn";"2015-07-05";"38";"0";"1";"SmartPlug"
"2015-07-05 01:07:53.123";"10136";"2015-07-05 01:07:27.114";"TvOn";"2015-07-05";"26";"0";"1";"SmartPlug"
"2015-07-05 01:15:18.746";"10136";"2015-07-05 01:08:12.988";"TvOn";"2015-07-05";"425";"0";"1";"SmartPlug"
"2015-07-05 01:20:49.601";"10136";"2015-07-05 01:15:38.877";"TvOn";"2015-07-05";"310";"0";"1";"SmartPlug"
"2015-07-05 01:23:07.284";"10136";"2015-07-05 01:21:10.875";"TvOn";"2015-07-05";"116";"0";"1";"SmartPlug"
"2015-07-05 01:24:31.491";"10136";"2015-07-05 01:23:27.231";"TvOn";"2015-07-05";"64";"0";"1";"SmartPlug"
"2015-07-05 01:25:30.423";"10136";"2015-07-05 01:24:51.689";"TvOn";"2015-07-05";"38";"0";"1";"SmartPlug"
"2015-07-05 12:25:46.609";"10136";"2015-07-05 12:23:45.718";"BoilerOn";"2015-07-05";"120";"0";"1";"SmartPlug"
"2015-07-05 12:26:46.339";"10136";"2015-07-05 12:26:06.600";"BoilerOn";"2015-07-05";"39";"0";"1";"SmartPlug"
"2015-07-05 12:27:46.824";"10136";"2015-07-05 12:27:19.243";"BoilerOn";"2015-07-05";"27";"0";"1";"SmartPlug"
"2015-07-05 12:29:11.625";"10136";"2015-07-05 12:28:45.289";"BoilerOn";"2015-07-05";"26";"0";"1";"SmartPlug"
"2015-07-05 12:30:56.863";"10136";"2015-07-05 12:30:30.781";"BoilerOn";"2015-07-05";"26";"0";"1";"SmartPlug"
"2015-07-05 14:31:52.958";"10136";"2015-07-05 14:31:38.785";"CookerOn";"2015-07-05";"14";"0";"1";"SmartPlug"
"2015-07-05 14:37:43.724";"10136";"2015-07-05 14:32:32.225";"CookerOn";"2015-07-05";"311";"0";"1";"SmartPlug"
"2015-07-05 14:40:01.312";"10136";"2015-07-05 14:38:31.133";"CookerOn";"2015-07-05";"90";"0";"1";"SmartPlug"
"2015-07-05 14:41:53.327";"10136";"2015-07-05 14:40:35.459";"CookerOn";"2015-07-05";"77";"0";"1";"SmartPlug"
"2015-07-05 14:43:45.835";"10136";"2015-07-05 14:42:39.339";"CookerOn";"2015-07-05";"66";"0";"1";"SmartPlug"
"2015-07-05 14:45:40.470";"10136";"2015-07-05 14:44:33.591";"CookerOn";"2015-07-05";"66";"0";"1";"SmartPlug"
"2015-07-05 14:47:35.344";"10136";"2015-07-05 14:46:26.155";"CookerOn";"2015-07-05";"69";"0";"1";"SmartPlug"
"2015-07-05 14:49:17.246";"10136";"2015-07-05 14:48:23.529";"CookerOn";"2015-07-05";"53";"0";"1";"SmartPlug"
"2015-07-05 14:51:04.288";"10136";"2015-07-05 14:49:54.407";"CookerOn";"2015-07-05";"69";"0";"1";"SmartPlug"
"2015-07-05 14:52:47.618";"10136";"2015-07-05 14:51:53.834";"CookerOn";"2015-07-05";"53";"0";"1";"SmartPlug"
"2015-07-05 14:54:37.371";"10136";"2015-07-05 14:53:30.611";"CookerOn";"2015-07-05";"66";"0";"1";"SmartPlug"
"2015-07-05 14:56:30.829";"10136";"2015-07-05 14:55:24.399";"CookerOn";"2015-07-05";"66";"0";"1";"SmartPlug"
"2015-07-05 14:58:23.404";"10136";"2015-07-05 14:57:30.615";"CookerOn";"2015-07-05";"52";"0";"1";"SmartPlug"
"2015-07-05 15:00:27.708";"10136";"2015-07-05 14:59:21.913";"CookerOn";"2015-07-05";"65";"0";"1";"SmartPlug"
"2015-07-05 15:02:19.047";"10136";"2015-07-05 15:01:27.250";"CookerOn";"2015-07-05";"51";"0";"1";"SmartPlug"
"2015-07-05 15:03:09.236";"10136";"2015-07-05 14:58:15.012";"TvOn";"2015-07-05";"294";"0";"1";"SmartPlug"
"2015-07-05 15:04:16.410";"10136";"2015-07-05 15:03:24.790";"CookerOn";"2015-07-05";"51";"0";"1";"SmartPlug"
"2015-07-05 15:06:20.185";"10136";"2015-07-05 15:05:03.119";"CookerOn";"2015-07-05";"77";"0";"1";"SmartPlug"
"2015-07-05 15:08:11.262";"10136";"2015-07-05 15:07:19.250";"CookerOn";"2015-07-05";"52";"0";"1";"SmartPlug"
"2015-07-05 15:10:27.249";"10136";"2015-07-05 15:09:22.260";"CookerOn";"2015-07-05";"64";"0";"1";"SmartPlug"
"2015-07-05 15:12:31.346";"10136";"2015-07-05 15:11:26.779";"CookerOn";"2015-07-05";"64";"0";"1";"SmartPlug"
"2015-07-05 15:14:34.189";"10136";"2015-07-05 15:13:29.781";"CookerOn";"2015-07-05";"64";"0";"1";"SmartPlug"
"2015-07-05 15:16:37.624";"10136";"2015-07-05 15:15:32.658";"CookerOn";"2015-07-05";"64";"0";"1";"SmartPlug"
"2015-07-05 15:18:41.944";"10136";"2015-07-05 15:17:36.885";"CookerOn";"2015-07-05";"65";"0";"1";"SmartPlug"
"2015-07-05 15:20:47.203";"10136";"2015-07-05 15:19:40.827";"CookerOn";"2015-07-05";"66";"0";"1";"SmartPlug"
"2015-07-05 15:22:39.433";"10136";"2015-07-05 15:21:46.400";"CookerOn";"2015-07-05";"53";"0";"1";"SmartPlug"
"2015-07-05 15:24:43.682";"10136";"2015-07-05 15:23:38.272";"CookerOn";"2015-07-05";"65";"0";"1";"SmartPlug"
"2015-07-05 15:26:35.058";"10136";"2015-07-05 15:25:42.794";"CookerOn";"2015-07-05";"52";"0";"1";"SmartPlug"
"2015-07-05 15:28:38.423";"10136";"2015-07-05 15:27:33.844";"CookerOn";"2015-07-05";"64";"0";"1";"SmartPlug"
"2015-07-05 15:30:45.050";"10136";"2015-07-05 15:29:39.362";"CookerOn";"2015-07-05";"65";"0";"1";"SmartPlug"
"2015-07-05 15:32:21.212";"10136";"2015-07-05 15:31:54.062";"CookerOn";"2015-07-05";"27";"0";"1";"SmartPlug"
"2015-07-05 15:38:13.088";"10136";"2015-07-05 15:03:29.289";"TvOn";"2015-07-05";"2083";"0";"1";"SmartPlug"
"2015-07-05 15:46:18.482";"10136";"2015-07-05 15:38:33.090";"TvOn";"2015-07-05";"465";"0";"1";"SmartPlug"
"2015-07-05 16:40:42.276";"10136";"2015-07-05 16:31:04.802";"CookerOn";"2015-07-05";"577";"0";"1";"SmartPlug"
"2015-07-05 16:43:26.201";"10136";"2015-07-05 16:41:02.380";"CookerOn";"2015-07-05";"143";"0";"1";"SmartPlug"
"2015-07-05 16:45:29.322";"10136";"2015-07-05 16:43:46.314";"CookerOn";"2015-07-05";"103";"0";"1";"SmartPlug"
"2015-07-05 16:49:24.792";"10136";"2015-07-05 16:48:18.560";"CookerOn";"2015-07-05";"66";"0";"1";"SmartPlug"
"2015-07-05 16:52:48.855";"10136";"2015-07-05 16:49:58.417";"CookerOn";"2015-07-05";"170";"0";"1";"SmartPlug"
"2015-07-05 16:54:53.451";"10136";"2015-07-05 16:53:23.356";"CookerOn";"2015-07-05";"90";"0";"1";"SmartPlug"
"2015-07-05 16:56:31.310";"10136";"2015-07-05 16:55:13.642";"CookerOn";"2015-07-05";"77";"0";"1";"SmartPlug"
"2015-07-05 16:58:34.610";"10136";"2015-07-05 16:57:04.294";"CookerOn";"2015-07-05";"90";"0";"1";"SmartPlug"
"2015-07-05 17:00:24.628";"10136";"2015-07-05 16:59:07.426";"CookerOn";"2015-07-05";"77";"0";"1";"SmartPlug"
"2015-07-05 17:02:14.780";"10136";"2015-07-05 17:00:57.567";"CookerOn";"2015-07-05";"77";"0";"1";"SmartPlug"
"2015-07-05 17:04:18.101";"10136";"2015-07-05 17:03:00.665";"CookerOn";"2015-07-05";"77";"0";"1";"SmartPlug"
"2015-07-05 17:06:07.843";"10136";"2015-07-05 17:05:03.687";"CookerOn";"2015-07-05";"64";"0";"1";"SmartPlug"
"2015-07-05 17:47:11.749";"10136";"2015-07-05 16:24:31.986";"TvOn";"2015-07-05";"4959";"0";"1";"SmartPlug"
"2015-07-05 17:47:44.731";"10136";"2015-07-05 17:47:31.973";"TvOn";"2015-07-05";"12";"0";"1";"SmartPlug"
"2015-07-05 17:50:02.741";"10136";"2015-07-05 17:48:05.899";"TvOn";"2015-07-05";"116";"0";"1";"SmartPlug"
"2015-07-05 17:59:42.113";"10136";"2015-07-05 17:50:22.888";"TvOn";"2015-07-05";"559";"0";"1";"SmartPlug"
"2015-07-05 18:21:26.055";"10136";"2015-07-05 18:00:02.681";"TvOn";"2015-07-05";"1283";"0";"1";"SmartPlug"
"2015-07-05 19:41:00.600";"10136";"2015-07-05 19:23:20.696";"TvOn";"2015-07-05";"1059";"0";"1";"SmartPlug"
"2015-07-05 19:50:40.960";"10136";"2015-07-05 19:41:20.595";"TvOn";"2015-07-05";"560";"0";"1";"SmartPlug"
"2015-07-05 20:02:29.214";"10136";"2015-07-05 19:51:01.028";"TvOn";"2015-07-05";"688";"0";"1";"SmartPlug"
"2015-07-05 20:03:28.932";"10136";"2015-07-05 20:02:50.369";"TvOn";"2015-07-05";"38";"0";"1";"SmartPlug"
"2015-07-05 20:07:54.064";"10136";"2015-07-05 20:03:48.891";"TvOn";"2015-07-05";"245";"0";"1";"SmartPlug"
"2015-07-05 20:50:20.823";"10136";"2015-07-05 20:08:14.089";"TvOn";"2015-07-05";"2526";"0";"1";"SmartPlug"
"2015-07-05 22:21:56.780";"10136";"2015-07-05 20:50:53.623";"TvOn";"2015-07-05";"5463";"0";"1";"SmartPlug"
"2015-07-05 22:38:57.479";"10136";"2015-07-05 22:22:18.636";"TvOn";"2015-07-05";"998";"0";"1";"SmartPlug"
"2015-07-05 22:42:19.204";"10136";"2015-07-05 22:39:18.284";"TvOn";"2015-07-05";"180";"0";"1";"SmartPlug"
"2015-07-05 23:59:28.445";"10136";"2015-07-05 23:49:36.093";"CookerOn";"2015-07-05";"592";"0";"1";"SmartPlug"
"2015-07-06 00:02:13.046";"10136";"2015-07-05 23:59:51.066";"CookerOn";"2015-07-05";"141";"0";"1";"SmartPlug"
"2015-07-06 00:04:06.061";"10136";"2015-07-06 00:02:46.284";"CookerOn";"2015-07-06";"79";"0";"1";"SmartPlug"
"2015-07-06 00:06:29.740";"10136";"2015-07-06 00:05:11.550";"CookerOn";"2015-07-06";"78";"0";"1";"SmartPlug"
"2015-07-06 00:08:16.996";"10136";"2015-07-06 00:06:09.227";"BoilerOn";"2015-07-06";"127";"0";"1";"SmartPlug"
"2015-07-06 00:08:33.116";"10136";"2015-07-06 00:07:28.396";"CookerOn";"2015-07-06";"64";"0";"1";"SmartPlug"
"2015-07-06 00:09:24.570";"10136";"2015-07-06 00:08:45.552";"BoilerOn";"2015-07-06";"39";"0";"1";"SmartPlug"
"2015-07-06 00:10:31.378";"10136";"2015-07-06 00:09:19.123";"CookerOn";"2015-07-06";"72";"0";"1";"SmartPlug"
"2015-07-06 00:10:44.236";"10136";"2015-07-06 00:09:57.586";"BoilerOn";"2015-07-06";"46";"0";"1";"SmartPlug"
"2015-07-06 00:11:43.411";"10136";"2015-07-06 00:11:30.531";"BoilerOn";"2015-07-06";"12";"0";"1";"SmartPlug"
"2015-07-06 00:12:25.225";"10136";"2015-07-06 00:11:25.217";"CookerOn";"2015-07-06";"60";"0";"1";"SmartPlug"
"2015-07-06 00:13:52.856";"10136";"2015-07-06 00:13:00.137";"CookerOn";"2015-07-06";"52";"0";"1";"SmartPlug"
"2015-07-06 00:15:31.538";"10136";"2015-07-06 00:14:38.741";"CookerOn";"2015-07-06";"52";"0";"1";"SmartPlug"
"2015-07-06 00:17:13.402";"10136";"2015-07-06 00:16:20.250";"CookerOn";"2015-07-06";"53";"0";"1";"SmartPlug"
"2015-07-06 00:19:04.986";"10136";"2015-07-06 00:17:58.932";"CookerOn";"2015-07-06";"66";"0";"1";"SmartPlug"
"2015-07-06 00:20:56.146";"10136";"2015-07-06 00:19:51.746";"CookerOn";"2015-07-06";"64";"0";"1";"SmartPlug"
"2015-07-06 00:22:34.295";"10136";"2015-07-06 00:21:42.753";"CookerOn";"2015-07-06";"51";"0";"1";"SmartPlug"
"2015-07-06 00:24:25.391";"10136";"2015-07-06 00:23:33.593";"CookerOn";"2015-07-06";"51";"0";"1";"SmartPlug"
"2015-07-06 00:26:02.973";"10136";"2015-07-06 00:25:11.587";"CookerOn";"2015-07-06";"51";"0";"1";"SmartPlug"
"2015-07-06 00:27:53.569";"10136";"2015-07-06 00:27:01.593";"CookerOn";"2015-07-06";"51";"0";"1";"SmartPlug"
"2015-07-06 00:29:19.237";"10136";"2015-07-06 00:28:40.485";"CookerOn";"2015-07-06";"38";"0";"1";"SmartPlug"
"2015-07-06 00:30:58.028";"10136";"2015-07-06 00:30:05.210";"CookerOn";"2015-07-06";"52";"0";"1";"SmartPlug"
"2015-07-06 00:32:50.377";"10136";"2015-07-06 00:31:57.205";"CookerOn";"2015-07-06";"53";"0";"1";"SmartPlug"
"2015-07-06 00:34:53.588";"10136";"2015-07-06 00:33:36.084";"CookerOn";"2015-07-06";"77";"0";"1";"SmartPlug"
"2015-07-06 00:36:17.934";"10136";"2015-07-06 00:35:39.406";"CookerOn";"2015-07-06";"38";"0";"1";"SmartPlug"
"2015-07-06 00:38:08.121";"10136";"2015-07-06 00:37:16.878";"CookerOn";"2015-07-06";"51";"0";"1";"SmartPlug"
"2015-07-06 00:39:58.184";"10136";"2015-07-06 00:38:53.839";"CookerOn";"2015-07-06";"64";"0";"1";"SmartPlug"
"2015-07-06 00:41:37.066";"10136";"2015-07-06 00:40:43.935";"CookerOn";"2015-07-06";"53";"0";"1";"SmartPlug"
"2015-07-06 00:43:31.078";"10136";"2015-07-06 00:42:38.381";"CookerOn";"2015-07-06";"52";"0";"1";"SmartPlug"
"2015-07-06 00:45:46.946";"10136";"2015-07-06 00:44:42.478";"CookerOn";"2015-07-06";"64";"0";"1";"SmartPlug"
"2015-07-06 01:02:17.251";"10136";"2015-07-06 00:58:16.100";"CookerOn";"2015-07-06";"241";"0";"1";"SmartPlug"
"2015-07-06 01:04:22.801";"10136";"2015-07-06 01:02:50.208";"CookerOn";"2015-07-06";"92";"0";"1";"SmartPlug"
"2015-07-06 01:27:38.046";"10136";"2015-07-05 22:42:39.825";"TvOn";"2015-07-05";"9898";"0";"1";"SmartPlug"
"2015-07-06 01:53:39.069";"10136";"2015-07-06 01:27:58.992";"TvOn";"2015-07-06";"1540";"0";"1";"SmartPlug"
"2015-07-06 10:07:02.876";"10136";"2015-07-06 09:54:54.999";"TvOn";"2015-07-06";"727";"0";"1";"SmartPlug"
"2015-07-06 10:07:36.246";"10136";"2015-07-06 10:07:23.426";"TvOn";"2015-07-06";"12";"0";"1";"SmartPlug"
"2015-07-06 10:15:01.936";"10136";"2015-07-06 10:07:56.375";"TvOn";"2015-07-06";"425";"0";"1";"SmartPlug"
"2015-07-06 10:42:47.685";"10136";"2015-07-06 10:40:42.700";"BoilerOn";"2015-07-06";"124";"0";"1";"SmartPlug"
"2015-07-06 10:44:01.205";"10136";"2015-07-06 10:43:34.113";"BoilerOn";"2015-07-06";"27";"0";"1";"SmartPlug"
"2015-07-06 10:45:43.069";"10136";"2015-07-06 10:45:14.363";"BoilerOn";"2015-07-06";"28";"0";"1";"SmartPlug"
"2015-07-06 22:24:26.935";"10136";"2015-07-06 22:06:09.929";"TvOn";"2015-07-06";"1097";"0";"1";"SmartPlug"
"2015-07-06 22:26:30.000";"10136";"2015-07-06 22:24:47.282";"TvOn";"2015-07-06";"102";"0";"1";"SmartPlug"
"2015-07-06 22:44:37.977";"10136";"2015-07-06 22:26:50.157";"TvOn";"2015-07-06";"1067";"0";"1";"SmartPlug"
"2015-07-06 22:45:50.826";"10136";"2015-07-06 22:44:59.188";"TvOn";"2015-07-06";"51";"0";"1";"SmartPlug"
"2015-07-06 23:25:18.697";"10136";"2015-07-06 22:46:11.487";"TvOn";"2015-07-06";"2347";"0";"1";"SmartPlug"
"2015-07-06 23:27:22.704";"10136";"2015-07-06 23:25:38.833";"TvOn";"2015-07-06";"103";"0";"1";"SmartPlug"
"2015-07-06 23:37:50.880";"10136";"2015-07-06 23:27:43.138";"TvOn";"2015-07-06";"607";"0";"1";"SmartPlug"
"2015-07-07 10:17:35.784";"10136";"2015-07-07 10:17:03.138";"BoilerOn";"2015-07-07";"32";"0";"1";"SmartPlug"
"2015-07-07 10:19:00.490";"10136";"2015-07-07 10:18:04.599";"BoilerOn";"2015-07-07";"55";"0";"1";"SmartPlug"
"2015-07-07 10:20:16.850";"10136";"2015-07-07 10:19:35.179";"BoilerOn";"2015-07-07";"41";"0";"1";"SmartPlug"
"2015-07-07 10:21:45.821";"10136";"2015-07-07 10:21:19.706";"BoilerOn";"2015-07-07";"26";"0";"1";"SmartPlug"
"2015-07-07 18:02:38.960";"10136";"2015-07-07 18:00:36.162";"BoilerOn";"2015-07-07";"122";"0";"1";"SmartPlug"
"2015-07-07 18:04:13.647";"10136";"2015-07-07 18:03:44.914";"BoilerOn";"2015-07-07";"28";"0";"1";"SmartPlug"
"2015-07-07 18:05:14.708";"10136";"2015-07-07 18:05:01.319";"BoilerOn";"2015-07-07";"13";"0";"1";"SmartPlug"
"2015-07-07 21:12:36.725";"10136";"2015-07-07 19:13:37.367";"TvOn";"2015-07-07";"7139";"0";"1";"SmartPlug"
"2015-07-07 21:56:15.750";"10136";"2015-07-07 21:50:02.215";"CookerOn";"2015-07-07";"373";"0";"1";"SmartPlug"
"2015-07-07 22:52:02.939";"10136";"2015-07-07 21:36:45.497";"TvOn";"2015-07-07";"4517";"0";"1";"SmartPlug"
"2015-07-07 23:06:08.689";"10136";"2015-07-07 22:52:23.796";"TvOn";"2015-07-07";"824";"0";"1";"SmartPlug"
"2015-07-08 00:04:46.938";"10136";"2015-07-07 23:06:30.234";"TvOn";"2015-07-07";"3496";"0";"1";"SmartPlug"
"2015-07-08 00:25:17.717";"10136";"2015-07-08 00:05:08.503";"TvOn";"2015-07-08";"1209";"0";"1";"SmartPlug"
"2015-07-08 10:03:57.683";"10136";"2015-07-08 10:01:56.704";"BoilerOn";"2015-07-08";"120";"0";"1";"SmartPlug"
"2015-07-08 10:05:11.835";"10136";"2015-07-08 10:04:42.692";"BoilerOn";"2015-07-08";"29";"0";"1";"SmartPlug"
"2015-07-08 10:06:43.389";"10136";"2015-07-08 10:06:15.038";"BoilerOn";"2015-07-08";"28";"0";"1";"SmartPlug"
"2015-07-08 10:09:05.725";"10136";"2015-07-08 10:08:38.360";"BoilerOn";"2015-07-08";"27";"0";"1";"SmartPlug"
"2015-07-08 20:29:37.339";"10136";"2015-07-08 20:08:08.762";"TvOn";"2015-07-08";"1288";"0";"1";"SmartPlug"
"2015-07-08 21:19:04.813";"10136";"2015-07-08 20:54:18.254";"TvOn";"2015-07-08";"1486";"0";"1";"SmartPlug"
"2015-07-08 21:21:34.483";"10136";"2015-07-08 21:19:37.930";"TvOn";"2015-07-08";"116";"0";"1";"SmartPlug"
"2015-07-08 21:25:36.761";"10136";"2015-07-08 21:21:54.629";"TvOn";"2015-07-08";"222";"0";"1";"SmartPlug"
"2015-07-08 21:27:29.520";"10136";"2015-07-08 21:25:56.874";"TvOn";"2015-07-08";"92";"0";"1";"SmartPlug"
"2015-07-08 22:27:41.030";"10136";"2015-07-08 21:27:49.666";"TvOn";"2015-07-08";"3591";"0";"1";"SmartPlug"
"2015-07-08 22:28:54.728";"10136";"2015-07-08 22:28:16.237";"TvOn";"2015-07-08";"38";"0";"1";"SmartPlug"
"2015-07-08 22:40:00.132";"10136";"2015-07-08 22:29:15.101";"TvOn";"2015-07-08";"645";"0";"1";"SmartPlug"
"2015-07-08 23:00:09.046";"10136";"2015-07-08 22:40:20.301";"TvOn";"2015-07-08";"1188";"0";"1";"SmartPlug"
"2015-07-08 23:00:42.017";"10136";"2015-07-08 23:00:29.156";"TvOn";"2015-07-08";"12";"0";"1";"SmartPlug"
"2015-07-08 23:24:40.959";"10136";"2015-07-08 23:01:27.989";"TvOn";"2015-07-08";"1392";"0";"1";"SmartPlug"
"2015-07-08 23:57:25.182";"10136";"2015-07-08 23:25:01.797";"TvOn";"2015-07-08";"1943";"0";"1";"SmartPlug"
"2015-07-09 00:02:18.966";"10136";"2015-07-08 23:57:45.988";"TvOn";"2015-07-08";"272";"0";"1";"SmartPlug"
"2015-07-09 00:05:00.561";"10136";"2015-07-09 00:02:39.090";"TvOn";"2015-07-09";"141";"0";"1";"SmartPlug"
"2015-07-09 00:11:23.022";"10136";"2015-07-09 00:05:20.841";"TvOn";"2015-07-09";"362";"0";"1";"SmartPlug"
"2015-07-09 00:35:38.916";"10136";"2015-07-09 00:11:43.893";"TvOn";"2015-07-09";"1435";"0";"1";"SmartPlug"
"2015-07-09 09:47:24.383";"10136";"2015-07-09 09:45:28.173";"BoilerOn";"2015-07-09";"116";"0";"1";"SmartPlug"
"2015-07-09 09:48:36.903";"10136";"2015-07-09 09:47:57.118";"BoilerOn";"2015-07-09";"39";"0";"1";"SmartPlug"
"2015-07-09 09:50:01.803";"10136";"2015-07-09 09:49:36.153";"BoilerOn";"2015-07-09";"25";"0";"1";"SmartPlug"
"2015-07-09 09:51:52.698";"10136";"2015-07-09 09:51:39.818";"BoilerOn";"2015-07-09";"12";"0";"1";"SmartPlug"
"2015-07-09 21:26:09.053";"10136";"2015-07-09 21:25:43.081";"TvOn";"2015-07-09";"25";"0";"1";"SmartPlug"
"2015-07-09 21:37:00.995";"10136";"2015-07-09 21:33:00.972";"CookerOn";"2015-07-09";"240";"0";"1";"SmartPlug"
"2015-07-09 21:42:24.690";"10136";"2015-07-09 21:39:40.371";"CookerOn";"2015-07-09";"164";"0";"1";"SmartPlug"
"2015-07-09 22:17:59.083";"10136";"2015-07-09 21:26:42.228";"TvOn";"2015-07-09";"3076";"0";"1";"SmartPlug"
"2015-07-09 23:23:50.545";"10136";"2015-07-09 22:18:19.300";"TvOn";"2015-07-09";"3931";"0";"1";"SmartPlug"
"2015-07-10 00:01:22.657";"10136";"2015-07-09 23:24:10.461";"TvOn";"2015-07-09";"2232";"0";"1";"SmartPlug"
"2015-07-10 01:07:18.158";"10136";"2015-07-10 00:01:43.212";"TvOn";"2015-07-10";"3934";"0";"1";"SmartPlug"
"2015-07-10 01:08:42.417";"10136";"2015-07-10 01:07:38.316";"TvOn";"2015-07-10";"64";"0";"1";"SmartPlug"
"2015-07-10 01:10:45.860";"10136";"2015-07-10 01:09:02.553";"TvOn";"2015-07-10";"103";"0";"1";"SmartPlug"
"2015-07-10 01:11:19.952";"10136";"2015-07-10 01:11:07.227";"TvOn";"2015-07-10";"12";"0";"1";"SmartPlug"
"2015-07-10 01:15:06.568";"10136";"2015-07-10 01:11:40.087";"TvOn";"2015-07-10";"206";"0";"1";"SmartPlug"
"2015-07-10 01:46:55.720";"10136";"2015-07-10 01:15:26.670";"TvOn";"2015-07-10";"1889";"0";"1";"SmartPlug"
"2015-07-10 01:48:46.349";"10136";"2015-07-10 01:47:16.022";"TvOn";"2015-07-10";"90";"0";"1";"SmartPlug"
"2015-07-10 01:50:49.315";"10136";"2015-07-10 01:49:19.477";"TvOn";"2015-07-10";"89";"0";"1";"SmartPlug"
"2015-07-10 02:06:51.008";"10136";"2015-07-10 01:51:10.205";"TvOn";"2015-07-10";"940";"0";"1";"SmartPlug"
"2015-07-10 02:09:33.370";"10136";"2015-07-10 02:07:11.201";"TvOn";"2015-07-10";"142";"0";"1";"SmartPlug"
"2015-07-10 10:18:43.922";"10136";"2015-07-10 10:16:44.945";"BoilerOn";"2015-07-10";"118";"0";"1";"SmartPlug"
"2015-07-10 10:19:42.859";"10136";"2015-07-10 10:19:04.352";"BoilerOn";"2015-07-10";"38";"0";"1";"SmartPlug"
"2015-07-10 10:20:55.175";"10136";"2015-07-10 10:20:29.431";"BoilerOn";"2015-07-10";"25";"0";"1";"SmartPlug"
"2015-07-10 10:22:33.324";"10136";"2015-07-10 10:22:07.636";"BoilerOn";"2015-07-10";"25";"0";"1";"SmartPlug"
"2015-07-10 10:24:36.577";"10136";"2015-07-10 10:24:23.626";"BoilerOn";"2015-07-10";"12";"0";"1";"SmartPlug"
"2015-07-10 12:38:45.723";"10136";"2015-07-10 12:37:13.188";"BoilerOn";"2015-07-10";"92";"0";"1";"SmartPlug"
"2015-07-10 12:39:58.844";"10136";"2015-07-10 12:39:19.716";"BoilerOn";"2015-07-10";"39";"0";"1";"SmartPlug"
"2015-07-10 12:40:18.990";"10136";"2015-07-10 12:35:11.476";"WashingMachineOn";"2015-07-10";"307";"0";"1";"SmartPlug"
"2015-07-10 12:41:16.857";"10136";"2015-07-10 12:40:51.019";"BoilerOn";"2015-07-10";"25";"0";"1";"SmartPlug"
"2015-07-10 12:42:56.159";"10136";"2015-07-10 12:42:43.412";"BoilerOn";"2015-07-10";"12";"0";"1";"SmartPlug"
"2015-07-10 12:43:44.174";"10136";"2015-07-10 12:43:16.184";"BoilerOn";"2015-07-10";"27";"0";"1";"SmartPlug"
"2015-07-10 12:45:09.309";"10136";"2015-07-10 12:44:43.560";"BoilerOn";"2015-07-10";"25";"0";"1";"SmartPlug"
"2015-07-10 12:48:50.690";"10136";"2015-07-10 12:41:04.731";"WashingMachineOn";"2015-07-10";"465";"0";"1";"SmartPlug"
"2015-07-10 12:53:16.513";"10136";"2015-07-10 12:51:20.236";"WashingMachineOn";"2015-07-10";"116";"0";"1";"SmartPlug"
"2015-07-10 13:05:29.536";"10136";"2015-07-10 11:46:49.481";"TvOn";"2015-07-10";"4720";"0";"1";"SmartPlug"
"2015-07-10 13:07:22.173";"10136";"2015-07-10 13:05:50.459";"TvOn";"2015-07-10";"91";"0";"1";"SmartPlug"
"2015-07-10 13:12:51.410";"10136";"2015-07-10 13:07:42.343";"TvOn";"2015-07-10";"309";"0";"1";"SmartPlug"
"2015-07-10 13:17:57.404";"10136";"2015-07-10 12:55:19.889";"WashingMachineOn";"2015-07-10";"1357";"0";"1";"SmartPlug"
"2015-07-10 18:17:27.245";"10136";"2015-07-10 18:11:56.152";"CookerOn";"2015-07-10";"331";"0";"1";"SmartPlug"
"2015-07-10 18:49:56.856";"10136";"2015-07-10 18:47:33.380";"WashingMachineOn";"2015-07-10";"143";"0";"1";"SmartPlug"
"2015-07-10 19:01:41.305";"10136";"2015-07-10 18:59:06.677";"WashingMachineOn";"2015-07-10";"154";"0";"1";"SmartPlug"
"2015-07-10 19:06:17.578";"10136";"2015-07-10 18:58:00.502";"TvOn";"2015-07-10";"497";"0";"1";"SmartPlug"
